Linux 3.16.0-38-generic (pgxl) 	10/06/2015 	_x86_64_	(4 CPU)

#      Time       PID    %usr %system  %guest    %CPU   CPU  minflt/s  majflt/s     VSZ    RSS   %MEM   kB_rd/s   kB_wr/s kB_ccwr/s   cswch/s nvcswch/s  Command
 1444148321         1    0.00    0.00    0.00    0.00     3      0.00      0.00   19292    400   0.00     -1.00     -1.00     -1.00      0.00      0.00  /sbin/init 
 1444148321       248    0.00    0.00    0.00    0.00     1      0.00      0.00  245104    692   0.00     -1.00     -1.00     -1.00      0.00      0.00  /sbin/rsyslogd -i /var/run/syslogd.pid -c 5 
 1444148321       300    0.00    0.00    0.00    0.00     2      0.00      0.00   66276    948   0.01     -1.00     -1.00     -1.00      0.00      0.00  /usr/sbin/sshd 
 1444148321       323    0.00    0.00    0.00    0.00     0      0.00      0.00   20032    612   0.00     -1.00     -1.00     -1.00      0.00      0.00  crond 
 1444148321       358    0.00    0.00    0.00    0.00     1      0.00      0.00   93988    664   0.00     -1.00     -1.00     -1.00      0.00      0.00  sshd: mark@pts/4  
 1444148321      6810    0.00    0.00    0.00    0.00     2      0.00      0.00  236956   8076   0.05      0.00      0.00      0.00      0.00      0.00  gvim 
 1444148321     29432    0.00    0.00    0.00    0.00     2      0.00      0.00  106128   2872   0.02      0.00      0.00      0.00      0.00      0.00  /bin/bash /usr/local/bin/dbt3-power-test -a pgxl -f 10 -o /tmp/pgxl-perf-example/power -p -c shared_buffers=512MB -c work_mem=5
 1444148321     30352    0.00    0.00    0.00    0.00     0      0.00      0.00  822364   4936   0.03      0.00      0.00      0.00      0.00      0.00  gtm -D /tmp/dbt3/pgdata/gtm -l /tmp/pgxl-perf-example/power/gtm.log 
 1444148321     30793    0.00    0.00    0.00    0.00     3      0.00      0.00  679548  38920   0.24      0.00      0.00      0.00      0.00      0.00  /opt/pgxl/bin/postgres --coordinator -D /tmp/dbt3/pgdata/coordinator -c pooler_port=35432 -c listen_addresses=* -c shared_buffe
 1444148321     30799    0.00    0.00    0.00    0.00     0      0.00      0.00  679680   4780   0.03      0.00      0.00      0.00      0.00      0.00  postgres: pooler process                                                                                                       
 1444148321     30801    0.00    0.00    0.00    0.00     1      0.00      0.00  679548   5652   0.03      0.00      0.00      0.00      0.00      0.00  postgres: writer process                                                                                                       
 1444148321     30802    0.00    0.00    0.00    0.00     3      0.00      0.00  679548  20120   0.12      0.00      0.00      0.00      0.00      0.00  postgres: wal writer process                                                                                                   
 1444148321     30803    0.00    0.00    0.00    0.00     2      0.00      0.00  680124   6240   0.04      0.00      0.00      0.00      0.00      0.00  postgres: autovacuum launcher process                                                                                          
 1444148321     30804    0.00    0.00    0.00    0.00     0      0.00      0.00  118956   3240   0.02      0.00      0.00      0.00      0.00      0.00  postgres: stats collector process                                                                                              
 1444148321     30921    0.00    0.00    0.00    0.00     2      0.00      0.00  101036   1984   0.01      0.00      0.00      0.00      0.00      0.00  sar -o /tmp/pgxl-perf-example/power/pgxl/sar_raw.out 60 
 1444148321     30924    0.00    0.00    0.00    0.00     0      0.00      0.00  101024   1916   0.01      0.00      0.00      0.00      0.00      0.00  pidstat -h -l -d -r -u -w 60 
 1444148321     30927    0.00    0.00    0.00    0.00     0      0.00      0.00  101032   2000   0.01      0.00      0.00      0.00      0.00      0.00  sadc 60 -z -S ALL /tmp/pgxl-perf-example/power/pgxl/sar_raw.out 
 1444148321     30928    0.00    0.00    0.00    0.00     1      0.00      0.00  106128   2904   0.02      0.00      0.00      0.00      0.00      0.00  /bin/sh /usr/local/bin/dbt3-pgxl-dbstat /tmp/pgxl-perf-example/power 
 1444148321     30930    0.00    0.00    0.00    0.00     3      0.00      0.00   59884   6316   0.04      0.00      0.00      0.00      0.00      0.00  ssh pgxl1 
 1444148321     30931    0.00    0.00    0.00    0.00     3      0.00      0.00   59884   6332   0.04      0.00      0.00      0.00      0.00      0.00  ssh pgxl2 
 1444148321     30932    0.00    0.00    0.00    0.00     0      0.00      0.00   59884   6372   0.04      0.00      0.00      0.00      0.00      0.00  ssh pgxl2 
 1444148321     30933    0.00    0.00    0.00    0.00     0      0.00      0.00   59884   6368   0.04      0.00      0.00      0.00      0.00      0.00  ssh pgxl1 
 1444148321     31243    0.00    0.00    0.00    0.00     3      0.00      0.00   59884   6420   0.04      0.00      0.00      0.00      0.00      0.00  ssh pgxl 
 1444148321     31244    0.00    0.00    0.00    0.00     3      0.00      0.00   59884   6384   0.04      0.00      0.00      0.00      0.00      0.00  ssh pgxl1 
 1444148321     31245    0.00    0.00    0.00    0.00     1      0.00      0.00   59884   6348   0.04      0.00      0.00      0.00      0.00      0.00  ssh pgxl2 
 1444148321     31248    0.00    0.00    0.00    0.00     3      0.00      0.00   91772   6292   0.04     -1.00     -1.00     -1.00      0.00      0.00  sshd: mark [priv] 
 1444148321     31252    0.00    0.00    0.00    0.00     2      0.00      0.00  114952   3080   0.02      0.00      0.00      0.00      0.00      0.00  psql -v ON_ERROR_STOP=1 -X -e 
 1444148321     31253    0.00    0.00    0.00    0.00     1      0.00      0.00  682708  13892   0.09      0.00      0.00      0.00      0.00      0.00  postgres: mark dbt3 [local] SELECT                                                                                             
 1444148321     31257    0.00    0.00    0.00    0.00     3      0.00      0.00   91772   3620   0.02     -1.00     -1.00     -1.00      0.00      0.00  sshd: mark@notty  
 1444148321     31262    0.00    0.00    0.00    0.00     3      0.00      0.00  108228   2872   0.02      0.00      0.00      0.00      0.00      0.00  -bash 
 1444148321     31275    0.00    0.00    0.00    0.00     3      0.00      0.00   52696   4988   0.03      0.00      0.00      0.00      0.00      0.00  perf record -a -g -s -F 100 -o /tmp/pgxl-perf-example/power/perf/9/perf-pgxl-q9.data 
 1444148321     31284    0.00    0.00    0.00    0.00     1      0.00      0.00  100968    448   0.00      0.00      0.00      0.00      0.00      0.00  sleep 60 

#      Time       PID    %usr %system  %guest    %CPU   CPU  minflt/s  majflt/s     VSZ    RSS   %MEM   kB_rd/s   kB_wr/s kB_ccwr/s   cswch/s nvcswch/s  Command
 1444148381         1    0.00    0.00    0.00    0.00     3      0.00      0.00   19292    400   0.00     -1.00     -1.00     -1.00      0.28      0.02  /sbin/init 
 1444148381       248    0.00    0.00    0.00    0.00     1      0.02      0.03  245104    692   0.00     -1.00     -1.00     -1.00      0.00      0.00  /sbin/rsyslogd -i /var/run/syslogd.pid -c 5 
 1444148381       300    0.00    0.00    0.00    0.00     2      0.80      0.00   66276    948   0.01     -1.00     -1.00     -1.00      0.18      0.00  /usr/sbin/sshd 
 1444148381       323    0.00    0.00    0.00    0.00     0      0.05      0.00   20032    612   0.00     -1.00     -1.00     -1.00      0.02      0.02  crond 
 1444148381       358    0.00    0.00    0.00    0.00     2      0.00      0.00   93988    664   0.00     -1.00     -1.00     -1.00      0.25      0.20  sshd: mark@pts/4  
 1444148381      6810    0.00    0.00    0.00    0.00     2      0.00      0.00  236956   8012   0.05      0.00      0.00      0.00      0.00      0.00  gvim 
 1444148381     29432    0.02    0.00    0.00    0.02     0      9.70      0.00  106128   2872   0.02      2.27      0.80      0.00      0.42      0.00  /bin/bash /usr/local/bin/dbt3-power-test -a pgxl -f 10 -o /tmp/pgxl-perf-example/power -p -c shared_buffers=512MB -c work_mem=5
 1444148381     30352    0.02    0.00    0.00    0.02     2      1.47      0.00  887900   5052   0.03      0.00      0.00      0.00      0.25      0.00  gtm -D /tmp/dbt3/pgdata/gtm -l /tmp/pgxl-perf-example/power/gtm.log 
 1444148381     30793    0.00    0.02    0.00    0.02     3      2.17      0.00  679548  38920   0.24      0.40      0.13      0.00      0.42      0.00  /opt/pgxl/bin/postgres --coordinator -D /tmp/dbt3/pgdata/coordinator -c pooler_port=35432 -c listen_addresses=* -c shared_buffe
 1444148381     30799    0.00    0.00    0.00    0.00     3      0.13      0.00  679680   4780   0.03      0.00      0.00      0.00      0.42      0.03  postgres: pooler process                                                                                                       
 1444148381     30801    0.00    0.02    0.00    0.02     3      8.25      0.00  679548   7500   0.05      0.00      0.00      0.00      4.95      0.00  postgres: writer process                                                                                                       
 1444148381     30802    0.00    0.00    0.00    0.00     2      0.00      0.00  679548  20120   0.12      0.00      1.33      0.00      2.43      0.02  postgres: wal writer process                                                                                                   
 1444148381     30803    0.00    0.00    0.00    0.00     1      0.15      0.00  680124   6244   0.04      0.00      0.00      0.00      0.33      0.00  postgres: autovacuum launcher process                                                                                          
 1444148381     30804    0.00    0.00    0.00    0.00     3      0.17      0.00  118956   3240   0.02      0.00      1.20      0.00      0.95      0.00  postgres: stats collector process                                                                                              
 1444148381     30921    0.00    0.00    0.00    0.00     0      0.00      0.00  101036   1984   0.01      0.00      0.07      0.00      0.02      0.00  sar -o /tmp/pgxl-perf-example/power/pgxl/sar_raw.out 60 
 1444148381     30924    0.00    0.00    0.00    0.00     1      2.97      0.00  101024   1916   0.01      0.20      0.13      0.00      0.18      0.08  pidstat -h -l -d -r -u -w 60 
 1444148381     30927    0.00    0.00    0.00    0.00     2      0.50      0.00  101032   2000   0.01      0.47      0.40      0.00      0.47      0.23  sadc 60 -z -S ALL /tmp/pgxl-perf-example/power/pgxl/sar_raw.out 
 1444148381     30928    0.00    0.00    0.00    0.00     0      1.75      0.00  106128   2904   0.02      0.00      0.00      0.00      0.07      0.00  /bin/sh /usr/local/bin/dbt3-pgxl-dbstat /tmp/pgxl-perf-example/power 
 1444148381     31408    0.00    0.00    0.00    0.00     2      8.03      0.00   59884   6388   0.04      0.07      0.07      0.00      0.22      0.17  ssh pgxl 
 1444148381     31409    0.02    0.00    0.00    0.02     1      8.05      0.00   59884   6420   0.04      0.00      0.07      0.00      0.17      0.23  ssh pgxl1 
 1444148381     31410    0.00    0.00    0.00    0.00     1      8.03      0.00   59884   6384   0.04      0.07      0.07      0.00      0.15      0.18  ssh pgxl2 
 1444148381     31415    0.00    0.00    0.00    0.00     2      8.95      0.00   91772   6340   0.04     -1.00     -1.00     -1.00      0.63      0.10  sshd: mark [priv] 
 1444148381     31417    0.00    0.00    0.00    0.00     0      3.00      0.00  114952   2904   0.02      0.00      0.13      0.00      0.05      0.02  psql -v ON_ERROR_STOP=1 -X -e 
 1444148381     31418    0.00    0.00    0.00    0.00     3      9.22      0.00  681484  12832   0.08      0.13      0.00      0.00      0.35      0.10  postgres: mark dbt3 [local] SELECT                                                                                             
 1444148381     31420    0.00    0.00    0.00    0.00     2      2.10      0.00   91772   3560   0.02     -1.00     -1.00     -1.00      0.07      0.02  sshd: mark@notty  
 1444148381     31423    0.00    0.00    0.00    0.00     2      6.15      0.00  108228   3020   0.02      0.13      0.07      0.07      0.33      0.07  -bash 
 1444148381     31440    0.00    0.02    0.00    0.02     3      7.23      0.05   52696   5092   0.03      0.33      1.20      0.00      0.07      0.05  perf record -a -g -s -F 100 -o /tmp/pgxl-perf-example/power/perf/6/perf-pgxl-q6.data 
 1444148381     31445    0.00    0.00    0.00    0.00     1      1.45      0.00  100968    416   0.00      0.00      0.00      0.00      0.02      0.00  sleep 60 

#      Time       PID    %usr %system  %guest    %CPU   CPU  minflt/s  majflt/s     VSZ    RSS   %MEM   kB_rd/s   kB_wr/s kB_ccwr/s   cswch/s nvcswch/s  Command
 1444148441         1    0.00    0.00    0.00    0.00     3      0.00      0.00   19292    400   0.00     -1.00     -1.00     -1.00      0.28      0.02  /sbin/init 
 1444148441       248    0.00    0.00    0.00    0.00     1      0.02      0.02  245104    692   0.00     -1.00     -1.00     -1.00      0.00      0.00  /sbin/rsyslogd -i /var/run/syslogd.pid -c 5 
 1444148441       300    0.00    0.00    0.00    0.00     2      0.80      0.00   66276    948   0.01     -1.00     -1.00     -1.00      0.20      0.00  /usr/sbin/sshd 
 1444148441       323    0.00    0.00    0.00    0.00     0      0.17      0.00   20032    612   0.00     -1.00     -1.00     -1.00      0.03      0.00  crond 
 1444148441       358    0.00    0.00    0.00    0.00     3      0.00      0.00   93988    664   0.00     -1.00     -1.00     -1.00      0.28      0.08  sshd: mark@pts/4  
 1444148441       359    0.00    0.00    0.00    0.00     3      0.00      0.00  108464   1768   0.01      0.00      0.00      0.00      0.00      0.00  -bash 
 1444148441      6810    0.00    0.00    0.00    0.00     0      0.00      0.00  236956   8008   0.05      0.00      0.00      0.00      0.03      0.00  gvim 
 1444148441     29432    0.00    0.02    0.00    0.02     0      9.82      0.00  106128   2876   0.02      1.20      0.67      0.33      0.47      0.05  /bin/bash /usr/local/bin/dbt3-power-test -a pgxl -f 10 -o /tmp/pgxl-perf-example/power -p -c shared_buffers=512MB -c work_mem=5
 1444148441     30352    0.00    0.03    0.00    0.03     3      1.38      0.00  887900   5132   0.03      0.00      0.00      0.00      0.30      0.05  gtm -D /tmp/dbt3/pgdata/gtm -l /tmp/pgxl-perf-example/power/gtm.log 
 1444148441     30793    0.00    0.00    0.00    0.00     3      2.17      0.00  679548  38920   0.24      0.27      0.07      0.00      0.42      0.02  /opt/pgxl/bin/postgres --coordinator -D /tmp/dbt3/pgdata/coordinator -c pooler_port=35432 -c listen_addresses=* -c shared_buffe
 1444148441     30799    0.00    0.00    0.00    0.00     1      0.07      0.00  679680   4780   0.03      0.00      0.00      0.00      0.47      0.03  postgres: pooler process                                                                                                       
 1444148441     30801    0.00    0.00    0.00    0.00     1      0.00      0.00  679548   7500   0.05      0.00      0.00      0.00      0.32      0.02  postgres: writer process                                                                                                       
 1444148441     30802    0.00    0.00    0.00    0.00     1      0.00      0.00  679548  20120   0.12      0.00      1.73      0.00      2.85      0.07  postgres: wal writer process                                                                                                   
 1444148441     30803    0.00    0.00    0.00    0.00     1      0.13      0.00  680124   6244   0.04      0.00      0.00      0.00      0.33      0.02  postgres: autovacuum launcher process                                                                                          
 1444148441     30804    0.00    0.00    0.00    0.00     2      0.17      0.00  118956   3240   0.02      0.00      1.20      0.00      1.22      0.00  postgres: stats collector process                                                                                              
 1444148441     30921    0.00    0.00    0.00    0.00     1      0.00      0.00  101036   1984   0.01      0.00      0.07      0.00      0.02      0.00  sar -o /tmp/pgxl-perf-example/power/pgxl/sar_raw.out 60 
 1444148441     30924    0.00    0.00    0.00    0.00     1      2.97      0.00  101024   1916   0.01      0.13      0.20      0.00      0.13      0.07  pidstat -h -l -d -r -u -w 60 
 1444148441     30927    0.00    0.00    0.00    0.00     1      0.50      0.00  101032   2000   0.01      0.47      0.33      0.00      0.58      0.00  sadc 60 -z -S ALL /tmp/pgxl-perf-example/power/pgxl/sar_raw.out 
 1444148441     30928    0.00    0.00    0.00    0.00     1      1.72      0.00  106128   2904   0.02      0.00      0.00      0.00      0.07      0.00  /bin/sh /usr/local/bin/dbt3-pgxl-dbstat /tmp/pgxl-perf-example/power 
 1444148441     31570    0.02    0.00    0.00    0.02     2      8.00      0.00   59884   6424   0.04      0.07      0.07      0.00      0.20      0.23  ssh pgxl 
 1444148441     31571    0.00    0.00    0.00    0.00     1      8.07      0.00   59884   6332   0.04      0.00      0.07      0.00      0.18      0.30  ssh pgxl1 
 1444148441     31572    0.00    0.00    0.00    0.00     1      8.07      0.00   59884   6408   0.04      0.07      0.07      0.00      0.23      0.13  ssh pgxl2 
 1444148441     31577    0.02    0.00    0.00    0.02     2      8.85      0.00   91772   6204   0.04     -1.00     -1.00     -1.00      0.23      0.42  sshd: mark [priv] 
 1444148441     31579    0.00    0.00    0.00    0.00     3      3.08      0.00  114952   3056   0.02      0.00      0.13      0.00      0.05      0.03  psql -v ON_ERROR_STOP=1 -X -e 
 1444148441     31580    0.00    0.00    0.00    0.00     0     11.05      0.00  682092  13372   0.08      0.80      0.00      0.00      0.43      0.12  postgres: mark dbt3 [local] SELECT                                                                                             
 1444148441     31582    0.00    0.00    0.00    0.00     2      2.05      0.00   91772   3500   0.02     -1.00     -1.00     -1.00      0.03      0.07  sshd: mark@notty  
 1444148441     31589    0.00    0.00    0.00    0.00     3      6.08      0.00  108228   3024   0.02      0.13      0.07      0.07      0.33      0.07  -bash 
 1444148441     31602    0.00    0.00    0.00    0.00     3      7.25      0.00   52696   4944   0.03      0.00      1.20      0.00      0.02      0.08  perf record -a -g -s -F 100 -o /tmp/pgxl-perf-example/power/perf/18/perf-pgxl-q18.data 
 1444148441     31615    0.00    0.00    0.00    0.00     3      1.43      0.00  100968    432   0.00      0.00      0.00      0.00      0.02      0.02  sleep 60 

#      Time       PID    %usr %system  %guest    %CPU   CPU  minflt/s  majflt/s     VSZ    RSS   %MEM   kB_rd/s   kB_wr/s kB_ccwr/s   cswch/s nvcswch/s  Command
 1444148501         1    0.00    0.00    0.00    0.00     3      0.00      0.00   19292    400   0.00     -1.00     -1.00     -1.00      0.32      0.03  /sbin/init 
 1444148501       248    0.00    0.00    0.00    0.00     1      0.02      0.03  245104    688   0.00     -1.00     -1.00     -1.00      0.00      0.00  /sbin/rsyslogd -i /var/run/syslogd.pid -c 5 
 1444148501       300    0.00    0.00    0.00    0.00     2      1.20      0.00   66276    948   0.01     -1.00     -1.00     -1.00      0.30      0.02  /usr/sbin/sshd 
 1444148501       323    0.00    0.00    0.00    0.00     0      0.12      0.00   20032    612   0.00     -1.00     -1.00     -1.00      0.02      0.02  crond 
 1444148501       358    0.00    0.00    0.00    0.00     1      0.00      0.00   93988    632   0.00     -1.00     -1.00     -1.00      0.37      0.30  sshd: mark@pts/4  
 1444148501       359    0.00    0.00    0.00    0.00     3      0.00      0.00  108464   1728   0.01      0.00      0.00      0.00      0.00      0.00  -bash 
 1444148501      6810    0.00    0.00    0.00    0.00     1      0.00      0.00  236956   7328   0.04      0.00      0.00      0.00      0.03      0.00  gvim 
 1444148501     28305    0.00    0.00    0.00    0.00     3      0.00      0.00  106128   2936   0.02      0.00      0.00      0.00      0.00      0.00  /bin/sh /usr/local/bin/dbt3-run-workload -a pgxl -f 10 -n 2 -P -o /tmp/pgxl-perf-example 
 1444148501     29432    0.00    0.00    0.00    0.00     3     15.05      0.00  106128   2832   0.02      5.93      1.13      0.27      0.65      0.00  /bin/bash /usr/local/bin/dbt3-power-test -a pgxl -f 10 -o /tmp/pgxl-perf-example/power -p -c shared_buffers=512MB -c work_mem=5
 1444148501     30352    0.00    0.02    0.00    0.02     3      1.63      0.00  887900   5256   0.03      0.00      0.00      0.00      0.33      0.00  gtm -D /tmp/dbt3/pgdata/gtm -l /tmp/pgxl-perf-example/power/gtm.log 
 1444148501     30793    0.00    0.00    0.00    0.00     2      2.67      0.00  679548  38920   0.24      0.80      0.13      0.00      0.50      0.00  /opt/pgxl/bin/postgres --coordinator -D /tmp/dbt3/pgdata/coordinator -c pooler_port=35432 -c listen_addresses=* -c shared_buffe
 1444148501     30799    0.00    0.00    0.00    0.00     0      0.13      0.00  679680   4780   0.03      0.00      0.00      0.00      0.62      0.05  postgres: pooler process                                                                                                       
 1444148501     30801    0.00    0.00    0.00    0.00     2      0.00      0.00  679548   7500   0.05      0.00      0.00      0.00      0.35      0.00  postgres: writer process                                                                                                       
 1444148501     30802    0.02    0.02    0.00    0.03     0      0.00      0.00  679548  20120   0.12      0.00      2.00      0.00      4.60      0.12  postgres: wal writer process                                                                                                   
 1444148501     30803    0.00    0.00    0.00    0.00     2      0.13      0.00  680124   6244   0.04      0.00      0.00      0.00      0.33      0.05  postgres: autovacuum launcher process                                                                                          
 1444148501     30804    0.00    0.00    0.00    0.00     2      0.17      0.00  118956   3240   0.02      0.00      1.20      0.00      1.02      0.05  postgres: stats collector process                                                                                              
 1444148501     30921    0.00    0.00    0.00    0.00     1      0.00      0.00  101036   1984   0.01      0.00      0.07      0.00      0.02      0.00  sar -o /tmp/pgxl-perf-example/power/pgxl/sar_raw.out 60 
 1444148501     30924    0.00    0.02    0.00    0.02     1      2.97      0.00  101024   1916   0.01      0.13      0.13      0.00      0.13      0.10  pidstat -h -l -d -r -u -w 60 
 1444148501     30927    0.00    0.00    0.00    0.00     1      0.50      0.00  101032   2000   0.01      0.47      0.40      0.00      0.50      0.18  sadc 60 -z -S ALL /tmp/pgxl-perf-example/power/pgxl/sar_raw.out 
 1444148501     30928    0.00    0.00    0.00    0.00     2      1.70      0.00  106128   2904   0.02      0.00      0.00      0.00      0.07      0.00  /bin/sh /usr/local/bin/dbt3-pgxl-dbstat /tmp/pgxl-perf-example/power 
 1444148501     31792    0.02    0.00    0.00    0.02     2      8.13      0.00   59884   6360   0.04      0.07      0.07      0.00      0.23      0.18  ssh pgxl 
 1444148501     31793    0.00    0.00    0.00    0.00     2      8.18      0.00   59884   6404   0.04      0.07      0.07      0.00      0.12      0.23  ssh pgxl1 
 1444148501     31794    0.00    0.00    0.00    0.00     3      8.08      0.00   59884   6388   0.04      0.07      0.07      0.00      0.17      0.23  ssh pgxl2 
 1444148501     31797    0.00    0.00    0.00    0.00     2      8.88      0.00   91772   6204   0.04     -1.00     -1.00     -1.00      0.18      0.57  sshd: mark [priv] 
 1444148501     31801    0.00    0.00    0.00    0.00     3      3.05      0.00  114952   3048   0.02      0.00      0.13      0.00      0.05      0.02  psql -v ON_ERROR_STOP=1 -X -e 
 1444148501     31802    0.00    0.00    0.00    0.00     2      9.35      0.00  681060  12308   0.08      0.27      0.00      0.00      0.40      0.00  postgres: mark dbt3 [local] SELECT                                                                                             
 1444148501     31806    0.00    0.00    0.00    0.00     2      2.07      0.00   91772   3500   0.02     -1.00     -1.00     -1.00      0.07      0.05  sshd: mark@notty  
 1444148501     31811    0.00    0.00    0.00    0.00     2      6.13      0.00  108228   3024   0.02      0.13      0.07      0.07      0.30      0.12  -bash 
 1444148501     31824    0.00    0.00    0.00    0.00     2      7.17      0.05   52696   4976   0.03      1.53      1.20      0.00      0.10      0.03  perf record -a -g -s -F 100 -o /tmp/pgxl-perf-example/power/perf/13/perf-pgxl-q13.data 
 1444148501     31836    0.00    0.00    0.00    0.00     1      1.47      0.00  100968    464   0.00      0.00      0.00      0.00      0.02      0.02  sleep 60 

#      Time       PID    %usr %system  %guest    %CPU   CPU  minflt/s  majflt/s     VSZ    RSS   %MEM   kB_rd/s   kB_wr/s kB_ccwr/s   cswch/s nvcswch/s  Command
 1444148561         1    0.00    0.00    0.00    0.00     1      0.00      0.00   19292    400   0.00     -1.00     -1.00     -1.00      0.33      0.00  /sbin/init 
 1444148561       248    0.00    0.00    0.00    0.00     1      0.02      0.03  245104    688   0.00     -1.00     -1.00     -1.00      0.00      0.00  /sbin/rsyslogd -i /var/run/syslogd.pid -c 5 
 1444148561       300    0.00    0.00    0.00    0.00     3      1.60      0.00   66276    948   0.01     -1.00     -1.00     -1.00      0.38      0.02  /usr/sbin/sshd 
 1444148561       323    0.00    0.00    0.00    0.00     2      0.05      0.00   20032    612   0.00     -1.00     -1.00     -1.00      0.02      0.00  crond 
 1444148561       358    0.00    0.00    0.00    0.00     0      0.00      0.00   93988    632   0.00     -1.00     -1.00     -1.00      0.43      0.37  sshd: mark@pts/4  
 1444148561      6810    0.00    0.00    0.00    0.00     1      0.00      0.00  236956   6960   0.04      0.00      0.00      0.00      0.00      0.00  gvim 
 1444148561     29432    0.02    0.02    0.00    0.03     2     20.18      0.00  106128   2840   0.02      2.40     30.40      0.80      0.83      0.10  /bin/bash /usr/local/bin/dbt3-power-test -a pgxl -f 10 -o /tmp/pgxl-perf-example/power -p -c shared_buffers=512MB -c work_mem=5
 1444148561     30352    0.00    0.02    0.00    0.02     0      1.90      0.00  887900   5404   0.03      0.00      0.00      0.00      0.35      0.02  gtm -D /tmp/dbt3/pgdata/gtm -l /tmp/pgxl-perf-example/power/gtm.log 
 1444148561     30793    0.00    0.00    0.00    0.00     3      3.17      0.00  679548  38920   0.24      0.27      0.00      0.00      0.63      0.02  /opt/pgxl/bin/postgres --coordinator -D /tmp/dbt3/pgdata/coordinator -c pooler_port=35432 -c listen_addresses=* -c shared_buffe
 1444148561     30799    0.00    0.02    0.00    0.02     2      0.00      0.00  679680   4780   0.03      0.00      0.00      0.00      0.82      0.00  postgres: pooler process                                                                                                       
 1444148561     30800    0.00    0.00    0.00    0.00     1     18.03      0.00  679688   8628   0.05      5.13      1.07      0.00      0.52      0.07  postgres: checkpointer process                                                                                                 
 1444148561     30801    0.00    0.00    0.00    0.00     0      0.00      0.00  679548   7500   0.05      0.00      0.00      0.00      0.17      0.00  postgres: writer process                                                                                                       
 1444148561     30802    0.00    0.00    0.00    0.00     1      0.00      0.00  679548  20120   0.12      0.00      2.13      0.00      4.38      0.08  postgres: wal writer process                                                                                                   
 1444148561     30803    0.00    0.00    0.00    0.00     3      0.15      0.00  680124   6248   0.04      0.00      0.00      0.00      0.33      0.02  postgres: autovacuum launcher process                                                                                          
 1444148561     30804    0.00    0.00    0.00    0.00     2      0.17      0.00  118956   3240   0.02      0.00      1.20      0.00      1.13      0.05  postgres: stats collector process                                                                                              
 1444148561     30921    0.00    0.00    0.00    0.00     0      0.00      0.00  101036   1984   0.01      0.00      0.07      0.00      0.02      0.00  sar -o /tmp/pgxl-perf-example/power/pgxl/sar_raw.out 60 
 1444148561     30924    0.00    0.00    0.00    0.00     1      2.97      0.00  101024   1916   0.01      0.13      0.20      0.00      0.15      0.02  pidstat -h -l -d -r -u -w 60 
 1444148561     30927    0.00    0.00    0.00    0.00     1      0.50      0.00  101032   2000   0.01      0.47      0.33      0.00      0.57      0.03  sadc 60 -z -S ALL /tmp/pgxl-perf-example/power/pgxl/sar_raw.out 
 1444148561     30928    0.00    0.00    0.00    0.00     3      1.67      0.00  106128   2904   0.02      0.00      0.00      0.00      0.07      0.00  /bin/sh /usr/local/bin/dbt3-pgxl-dbstat /tmp/pgxl-perf-example/power 
 1444148561     30930    0.00    0.00    0.00    0.00     3      0.00      0.00   59884   6316   0.04      0.00      0.00      0.00      0.03      0.00  ssh pgxl1 
 1444148561     30931    0.00    0.00    0.00    0.00     3      0.00      0.00   59884   6332   0.04      0.00      0.00      0.00      0.03      0.00  ssh pgxl2 
 1444148561     30932    0.00    0.00    0.00    0.00     0      0.00      0.00   59884   6372   0.04      0.00      0.00      0.00      0.03      0.00  ssh pgxl2 
 1444148561     30933    0.00    0.00    0.00    0.00     0      0.00      0.00   59884   6368   0.04      0.00      0.00      0.00      0.03      0.00  ssh pgxl1 
 1444148561     32075    0.00    0.02    0.00    0.02     0      8.07      0.00   59884   6416   0.04      0.00      0.07      0.00      0.22      0.22  ssh pgxl 
 1444148561     32076    0.00    0.00    0.00    0.00     0      8.08      0.00   59884   6408   0.04      0.07      0.07      0.00      0.15      0.27  ssh pgxl1 
 1444148561     32077    0.02    0.00    0.00    0.02     0      7.98      0.00   59884   6292   0.04      0.07      0.07      0.00      0.15      0.27  ssh pgxl2 
 1444148561     32082    0.00    0.00    0.00    0.00     0      8.85      0.00   91772   6132   0.04     -1.00     -1.00     -1.00      0.63      0.12  sshd: mark [priv] 
 1444148561     32083    0.00    0.00    0.00    0.00     2      3.08      0.00  114952   3000   0.02      0.00      0.13      0.00      0.05      0.03  psql -v ON_ERROR_STOP=1 -X -e 
 1444148561     32085    0.00    0.00    0.00    0.00     0      9.35      0.00  681060  12492   0.08      0.00      0.00      0.00      0.35      0.02  postgres: mark dbt3 [local] SELECT                                                                                             
 1444148561     32093    0.00    0.00    0.00    0.00     0      2.08      0.00   91772   3484   0.02     -1.00     -1.00     -1.00      0.03      0.08  sshd: mark@notty  
 1444148561     32098    0.00    0.00    0.00    0.00     3      6.07      0.00  108228   2872   0.02      0.13      0.07      0.07      0.30      0.08  -bash 
 1444148561     32111    0.00    0.00    0.00    0.00     3      7.23      0.00   52696   5020   0.03      0.00      1.20      0.00      0.02      0.10  perf record -a -g -s -F 100 -o /tmp/pgxl-perf-example/power/perf/4/perf-pgxl-q4.data 
 1444148561     32116    0.00    0.00    0.00    0.00     2      1.45      0.00  100968    472   0.00      0.00      0.00      0.00      0.02      0.00  sleep 60 

#      Time       PID    %usr %system  %guest    %CPU   CPU  minflt/s  majflt/s     VSZ    RSS   %MEM   kB_rd/s   kB_wr/s kB_ccwr/s   cswch/s nvcswch/s  Command
 1444148621         1    0.00    0.00    0.00    0.00     3      0.00      0.00   19292    372   0.00     -1.00     -1.00     -1.00      0.33      0.00  /sbin/init 
 1444148621       248    0.00    0.00    0.00    0.00     1      0.02      0.00  245104    688   0.00     -1.00     -1.00     -1.00      0.00      0.00  /sbin/rsyslogd -i /var/run/syslogd.pid -c 5 
 1444148621       300    0.00    0.00    0.00    0.00     0      1.20      0.00   66276    948   0.01     -1.00     -1.00     -1.00      0.28      0.02  /usr/sbin/sshd 
 1444148621       323    0.00    0.00    0.00    0.00     2      0.05      0.00   20032    612   0.00     -1.00     -1.00     -1.00      0.02      0.00  crond 
 1444148621       358    0.00    0.00    0.00    0.00     0      0.00      0.00   93988    632   0.00     -1.00     -1.00     -1.00      0.37      0.22  sshd: mark@pts/4  
 1444148621      6810    0.00    0.00    0.00    0.00     1      0.00      0.00  236956   6460   0.04      0.00      0.00      0.00      0.00      0.00  gvim 
 1444148621     28305    0.00    0.00    0.00    0.00     3      0.00      0.00  106128   2924   0.02      0.00      0.00      0.00      0.00      0.00  /bin/sh /usr/local/bin/dbt3-run-workload -a pgxl -f 10 -n 2 -P -o /tmp/pgxl-perf-example 
 1444148621     29432    0.00    0.00    0.00    0.00     2     15.68      0.00  106128   2828   0.02      1.80      5.73      0.80      0.65      0.00  /bin/bash /usr/local/bin/dbt3-power-test -a pgxl -f 10 -o /tmp/pgxl-perf-example/power -p -c shared_buffers=512MB -c work_mem=5
 1444148621     30352    0.00    0.02    0.00    0.02     1      1.58      0.00  887900   7468   0.05      0.00      0.00      0.00      0.30      0.00  gtm -D /tmp/dbt3/pgdata/gtm -l /tmp/pgxl-perf-example/power/gtm.log 
 1444148621     30793    0.00    0.02    0.00    0.02     1      2.67      0.00  679548  38920   0.24     15.80      0.13      0.00      0.52      0.02  /opt/pgxl/bin/postgres --coordinator -D /tmp/dbt3/pgdata/coordinator -c pooler_port=35432 -c listen_addresses=* -c shared_buffe
 1444148621     30799    0.00    0.00    0.00    0.00     0      0.00      0.00  679680   4780   0.03      0.00      0.00      0.00      0.67      0.02  postgres: pooler process                                                                                                       
 1444148621     30801    0.00    0.00    0.00    0.00     1      0.00      0.00  679548   7500   0.05      0.00      0.00      0.00      0.33      0.00  postgres: writer process                                                                                                       
 1444148621     30802    0.00    0.00    0.00    0.00     1      0.00      0.00  679548  20120   0.12      0.00      4.00      0.00      4.15      0.12  postgres: wal writer process                                                                                                   
 1444148621     30803    0.00    0.00    0.00    0.00     1      0.15      0.00  680124   6252   0.04      0.00      0.00      0.00      0.33      0.02  postgres: autovacuum launcher process                                                                                          
 1444148621     30804    0.00    0.00    0.00    0.00     3      0.17      0.00  118956   3240   0.02      0.00      1.20      0.00      1.17      0.02  postgres: stats collector process                                                                                              
 1444148621     30921    0.00    0.00    0.00    0.00     0      0.00      0.00  101036   1984   0.01      0.00      0.07      0.00      0.02      0.00  sar -o /tmp/pgxl-perf-example/power/pgxl/sar_raw.out 60 
 1444148621     30924    0.00    0.02    0.00    0.02     1      2.97      0.00  101024   1916   0.01      0.13      0.13      0.00      0.15      0.02  pidstat -h -l -d -r -u -w 60 
 1444148621     30927    0.00    0.02    0.00    0.02     1      0.50      0.00  101032   2000   0.01      0.47      0.40      0.00      0.57      0.00  sadc 60 -z -S ALL /tmp/pgxl-perf-example/power/pgxl/sar_raw.out 
 1444148621     30928    0.00    0.00    0.00    0.00     3      1.65      0.00  106128   2904   0.02      0.00      0.00      0.00      0.07      0.00  /bin/sh /usr/local/bin/dbt3-pgxl-dbstat /tmp/pgxl-perf-example/power 
 1444148621     32297    0.02    0.00    0.00    0.02     0      8.10      0.00   59884   6444   0.04      0.07      0.07      0.00      0.20      0.22  ssh pgxl 
 1444148621     32298    0.00    0.00    0.00    0.00     0      8.08      0.00   59884   6420   0.04      0.07      0.07      0.00      0.10      0.42  ssh pgxl1 
 1444148621     32299    0.00    0.00    0.00    0.00     2      8.10      0.00   59884   6420   0.04      0.00      0.07      0.00      0.15      0.20  ssh pgxl2 
 1444148621     32301    0.02    0.00    0.00    0.02     0      8.95      0.00   91772   6304   0.04     -1.00     -1.00     -1.00      0.42      0.05  sshd: mark [priv] 
 1444148621     32306    0.00    0.00    0.00    0.00     2      3.10      0.00  114952   2904   0.02      0.00      0.13      0.00      0.05      0.02  psql -v ON_ERROR_STOP=1 -X -e 
 1444148621     32307    0.00    0.00    0.00    0.00     2      9.58      0.00  681648  12856   0.08      0.00      0.00      0.00      0.35      0.00  postgres: mark dbt3 [local] SELECT                                                                                             
 1444148621     32309    0.00    0.00    0.00    0.00     0      2.08      0.00   91772   3620   0.02     -1.00     -1.00     -1.00      0.07      0.05  sshd: mark@notty  
 1444148621     32314    0.00    0.00    0.00    0.00     0      6.15      0.00  108228   3032   0.02      0.13      0.07      0.07      0.30      0.07  -bash 
 1444148621     32329    0.00    0.02    0.00    0.02     0      7.30      0.00   52696   5068   0.03      0.00      1.20      0.00      0.02      0.10  perf record -a -g -s -F 100 -o /tmp/pgxl-perf-example/power/perf/1/perf-pgxl-q1.data 
 1444148621     32342    0.00    0.00    0.00    0.00     3      1.48      0.00  100968    448   0.00      0.00      0.00      0.00      0.02      0.00  sleep 60 

#      Time       PID    %usr %system  %guest    %CPU   CPU  minflt/s  majflt/s     VSZ    RSS   %MEM   kB_rd/s   kB_wr/s kB_ccwr/s   cswch/s nvcswch/s  Command
 1444148681         1    0.00    0.00    0.00    0.00     0      0.00      0.00   19292    372   0.00     -1.00     -1.00     -1.00      0.32      0.00  /sbin/init 
 1444148681       248    0.00    0.00    0.00    0.00     1      0.00      0.02  245104    688   0.00     -1.00     -1.00     -1.00      0.00      0.00  /sbin/rsyslogd -i /var/run/syslogd.pid -c 5 
 1444148681       300    0.00    0.02    0.00    0.02     0      1.60      0.00   66276    948   0.01     -1.00     -1.00     -1.00      0.40      0.00  /usr/sbin/sshd 
 1444148681       323    0.00    0.00    0.00    0.00     2      0.05      0.00   20032    612   0.00     -1.00     -1.00     -1.00      0.02      0.00  crond 
 1444148681       358    0.00    0.00    0.00    0.00     3      0.00      0.00   93988    632   0.00     -1.00     -1.00     -1.00      0.55      0.50  sshd: mark@pts/4  
 1444148681      6810    0.00    0.00    0.00    0.00     1      0.00      0.00  236956   6360   0.04      0.00      0.00      0.00      0.00      0.00  gvim 
 1444148681     28305    0.00    0.00    0.00    0.00     3      0.00      0.00  106128   2900   0.02      0.00      0.00      0.00      0.00      0.00  /bin/sh /usr/local/bin/dbt3-run-workload -a pgxl -f 10 -n 2 -P -o /tmp/pgxl-perf-example 
 1444148681     29432    0.00    0.00    0.00    0.00     2     21.62      0.00  106128   2820   0.02      9.47      1.47      0.80      0.88      0.00  /bin/bash /usr/local/bin/dbt3-power-test -a pgxl -f 10 -o /tmp/pgxl-perf-example/power -p -c shared_buffers=512MB -c work_mem=5
 1444148681     30352    0.02    0.02    0.00    0.03     0      1.87      0.00  887900   7552   0.05      0.00      0.00      0.00      0.35      0.00  gtm -D /tmp/dbt3/pgdata/gtm -l /tmp/pgxl-perf-example/power/gtm.log 
 1444148681     30793    0.00    0.00    0.00    0.00     2      3.17      0.00  679548  38856   0.24      0.13      0.20      0.00      0.63      0.02  /opt/pgxl/bin/postgres --coordinator -D /tmp/dbt3/pgdata/coordinator -c pooler_port=35432 -c listen_addresses=* -c shared_buffe
 1444148681     30799    0.00    0.00    0.00    0.00     1      0.13      0.00  679680   4780   0.03      0.00      0.00      0.00      0.80      0.02  postgres: pooler process                                                                                                       
 1444148681     30801    0.00    0.00    0.00    0.00     0      0.00      0.00  679548   7500   0.05      0.00      0.00      0.00      0.27      0.00  postgres: writer process                                                                                                       
 1444148681     30802    0.00    0.02    0.00    0.02     1      0.00      0.00  679548  20120   0.12      0.00      2.67      0.00      4.60      0.13  postgres: wal writer process                                                                                                   
 1444148681     30803    0.00    0.02    0.00    0.02     1      0.15      0.00  680124   6256   0.04      0.00      0.00      0.00      0.33      0.02  postgres: autovacuum launcher process                                                                                          
 1444148681     30804    0.00    0.02    0.00    0.02     0      0.17      0.00  118956   3240   0.02      0.00      1.20      0.00      1.32      0.02  postgres: stats collector process                                                                                              
 1444148681     30921    0.00    0.00    0.00    0.00     0      0.00      0.00  101036   1956   0.01      0.00      0.07      0.00      0.02      0.00  sar -o /tmp/pgxl-perf-example/power/pgxl/sar_raw.out 60 
 1444148681     30924    0.00    0.00    0.00    0.00     1      2.97      0.00  101024   1916   0.01      0.13      0.20      0.00      0.15      0.05  pidstat -h -l -d -r -u -w 60 
 1444148681     30927    0.00    0.00    0.00    0.00     0      0.50      0.00  101032   1984   0.01      0.47      0.40      0.00      0.55      0.03  sadc 60 -z -S ALL /tmp/pgxl-perf-example/power/pgxl/sar_raw.out 
 1444148681     30928    0.00    0.00    0.00    0.00     1      1.70      0.00  106128   2908   0.02      0.00      0.00      0.00      0.07      0.00  /bin/sh /usr/local/bin/dbt3-pgxl-dbstat /tmp/pgxl-perf-example/power 
 1444148681     32580    0.02    0.00    0.00    0.02     1      8.10      0.00   59884   6420   0.04      0.07      0.07      0.00      0.22      0.18  ssh pgxl 
 1444148681     32581    0.00    0.00    0.00    0.00     0      8.15      0.00   59884   6416   0.04      0.00      0.07      0.00      0.18      0.25  ssh pgxl1 
 1444148681     32582    0.00    0.00    0.00    0.00     1      8.12      0.00   59884   6384   0.04      0.07      0.07      0.00      0.20      0.25  ssh pgxl2 
 1444148681     32584    0.00    0.00    0.00    0.00     1      8.90      0.00   91772   6208   0.04     -1.00     -1.00     -1.00      0.32      0.15  sshd: mark [priv] 
 1444148681     32589    0.00    0.00    0.00    0.00     2      3.18      0.00  114952   3088   0.02      0.00      0.13      0.00      0.05      0.02  psql -v ON_ERROR_STOP=1 -X -e 
 1444148681     32590    0.00    0.00    0.00    0.00     0     12.05      0.00  682192  13720   0.08      0.00      0.00      0.00      0.35      0.02  postgres: mark dbt3 [local] SELECT                                                                                             
 1444148681     32594    0.00    0.00    0.00    0.00     1      2.07      0.00   91772   3500   0.02     -1.00     -1.00     -1.00      0.07      0.00  sshd: mark@notty  
 1444148681     32599    0.00    0.00    0.00    0.00     1      6.13      0.00  108228   3048   0.02      0.13      0.07      0.07      0.33      0.12  -bash 
 1444148681     32612    0.00    0.00    0.00    0.00     1      7.27      0.00   52696   5004   0.03      0.00      1.20      0.00      0.02      0.13  perf record -a -g -s -F 100 -o /tmp/pgxl-perf-example/power/perf/7/perf-pgxl-q7.data 
 1444148681     32621    0.00    0.00    0.00    0.00     1      1.47      0.00  100968    504   0.00      0.00      0.00      0.00      0.02      0.00  sleep 60 
