Linux 3.16.0-38-generic (pgxl) 	10/06/2015 	_x86_64_	(4 CPU)

#      Time       PID    %usr %system  %guest    %CPU   CPU  minflt/s  majflt/s     VSZ    RSS   %MEM   kB_rd/s   kB_wr/s kB_ccwr/s   cswch/s nvcswch/s  Command
 1444147378         1    0.00    0.00    0.00    0.00     3      0.00      0.00   19292    400   0.00     -1.00     -1.00     -1.00      0.00      0.00  /sbin/init 
 1444147378       300    0.00    0.00    0.00    0.00     3      0.00      0.00   66276    728   0.00     -1.00     -1.00     -1.00      0.00      0.00  /usr/sbin/sshd 
 1444147378       323    0.00    0.00    0.00    0.00     1      0.00      0.00   20032    612   0.00     -1.00     -1.00     -1.00      0.00      0.00  crond 
 1444147378       358    0.00    0.00    0.00    0.00     0      0.00      0.00   93988    664   0.00     -1.00     -1.00     -1.00      0.00      0.00  sshd: mark@pts/4  
 1444147378      6810    0.00    0.00    0.00    0.00     3      0.00      0.00  236956  13156   0.08      0.00      0.00      0.00      0.00      0.00  gvim 
 1444147378     28315    0.00    0.00    0.00    0.00     0      0.00      0.00  106128   2952   0.02      0.00      0.00      0.00      0.00      0.00  /bin/sh /usr/local/bin/dbt3-pgxl-load-test -o /tmp/pgxl-perf-example/load -p -c max_prepared_transactions=30 -c shared_buffers=
 1444147378     28339    0.00    0.00    0.00    0.00     1      0.00      0.00  101036   1824   0.01      0.00      0.00      0.00      0.00      0.00  sar -o /tmp/pgxl-perf-example/load/pgxl/sar_raw.out 60 
 1444147378     28342    0.00    0.00    0.00    0.00     1      0.00      0.00   59884   6296   0.04      0.00      0.00      0.00      0.00      0.00  ssh pgxl1 
 1444147378     28343    0.00    0.00    0.00    0.00     1      0.00      0.00   59884   6360   0.04      0.00      0.00      0.00      0.00      0.00  ssh pgxl2 
 1444147378     28344    0.00    0.00    0.00    0.00     1      0.00      0.00  101024   2020   0.01      0.00      0.00      0.00      0.00      0.00  pidstat -h -l -d -r -u -w 60 
 1444147378     28349    0.00    0.00    0.00    0.00     0      0.00      0.00  101032   1952   0.01      0.00      0.00      0.00      0.00      0.00  sadc 60 -z -S ALL /tmp/pgxl-perf-example/load/pgxl/sar_raw.out 
 1444147378     28350    0.00    0.00    0.00    0.00     1      0.00      0.00   59884   6380   0.04      0.00      0.00      0.00      0.00      0.00  ssh pgxl1 
 1444147378     28443    0.00    0.00    0.00    0.00     3      0.00      0.00 1838636   9428   0.06      0.00      0.00      0.00      0.00      0.00  gtm -D /tmp/dbt3/pgdata/gtm -l /tmp/pgxl-perf-example/load/gtm.log 
 1444147378     28464    0.00    0.00    0.00    0.00     1      0.00      0.00  680768  39936   0.24      0.00      0.00      0.00      0.00      0.00  /opt/pgxl/bin/postgres --coordinator -D /tmp/dbt3/pgdata/coordinator -c pooler_port=35432 -c listen_addresses=* -c max_prepared
 1444147378     28466    0.00    0.00    0.00    0.00     0      0.00      0.00  682108   5368   0.03      0.00      0.00      0.00      0.00      0.00  postgres: pooler process                                                                                                       
 1444147378     28467    0.00    0.00    0.00    0.00     0      0.00      0.00  680908   8688   0.05      0.00      0.00      0.00      0.00      0.00  postgres: checkpointer process                                                                                                 
 1444147378     28468    0.00    0.00    0.00    0.00     1      0.00      0.00  680768   5168   0.03      0.00      0.00      0.00      0.00      0.00  postgres: writer process                                                                                                       
 1444147378     28469    0.00    0.00    0.00    0.00     0      0.00      0.00  680768  20160   0.12      0.00      0.00      0.00      0.00      0.00  postgres: wal writer process                                                                                                   
 1444147378     28470    0.00    0.00    0.00    0.00     3      0.00      0.00  681352   6368   0.04      0.00      0.00      0.00      0.00      0.00  postgres: autovacuum launcher process                                                                                          
 1444147378     28471    0.00    0.00    0.00    0.00     0      0.00      0.00  118952   3348   0.02      0.00      0.00      0.00      0.00      0.00  postgres: stats collector process                                                                                              
 1444147378     28582    0.00    0.00    0.00    0.00     0      0.00      0.00  106128   2768   0.02      0.00      0.00      0.00      0.00      0.00  /bin/sh /usr/local/bin/dbt3-pgxl-dbstat /tmp/pgxl-perf-example/load 
 1444147378     28584    0.00    0.00    0.00    0.00     0      0.00      0.00   59884   6396   0.04      0.00      0.00      0.00      0.00      0.00  ssh pgxl 
 1444147378     28585    0.00    0.00    0.00    0.00     0      0.00      0.00   59884   6400   0.04      0.00      0.00      0.00      0.00      0.00  ssh pgxl1 
 1444147378     28586    0.00    0.00    0.00    0.00     1      0.00      0.00   59884   6340   0.04      0.00      0.00      0.00      0.00      0.00  ssh pgxl2 

#      Time       PID    %usr %system  %guest    %CPU   CPU  minflt/s  majflt/s     VSZ    RSS   %MEM   kB_rd/s   kB_wr/s kB_ccwr/s   cswch/s nvcswch/s  Command
 1444147438         1    0.02    0.00    0.00    0.02     2      0.00      0.00   19292    400   0.00     -1.00     -1.00     -1.00      0.18      0.00  /sbin/init 
 1444147438       323    0.00    0.00    0.00    0.00     1      0.05      0.00   20032    612   0.00     -1.00     -1.00     -1.00      0.02      0.02  crond 
 1444147438       358    0.00    0.00    0.00    0.00     1      0.00      0.00   93988    664   0.00     -1.00     -1.00     -1.00      0.25      0.07  sshd: mark@pts/4  
 1444147438     28339    0.00    0.00    0.00    0.00     1      0.00      0.00  101036   1824   0.01      0.00      0.07      0.00      0.02      0.00  sar -o /tmp/pgxl-perf-example/load/pgxl/sar_raw.out 60 
 1444147438     28344    0.00    0.00    0.00    0.00     0      2.42      0.00  101024   2024   0.01      0.13      0.13      0.00      0.15      0.00  pidstat -h -l -d -r -u -w 60 
 1444147438     28349    0.00    0.00    0.00    0.00     2      0.50      0.00  101032   1952   0.01      0.47      0.40      0.00      0.58      0.00  sadc 60 -z -S ALL /tmp/pgxl-perf-example/load/pgxl/sar_raw.out 
 1444147438     28443    0.00    0.03    0.00    0.03     1      1.87      0.00 1814000   7608   0.05      0.00      0.00      0.00      0.30      0.00  gtm -D /tmp/dbt3/pgdata/gtm -l /tmp/pgxl-perf-example/load/gtm.log 
 1444147438     28464    0.00    0.02    0.00    0.02     1      2.08      0.00  680768  39936   0.24    231.40      4.73      0.33      0.45      0.05  /opt/pgxl/bin/postgres --coordinator -D /tmp/dbt3/pgdata/coordinator -c pooler_port=35432 -c listen_addresses=* -c max_prepared
 1444147438     28466    0.00    0.00    0.00    0.00     0      0.00      0.00  682108   5368   0.03      0.00      0.00      0.00      0.92      0.08  postgres: pooler process                                                                                                       
 1444147438     28468    0.00    0.02    0.00    0.02     0      8.48      0.00  680768   7280   0.04      0.00      0.00      0.00      4.98      0.03  postgres: writer process                                                                                                       
 1444147438     28469    0.00    0.02    0.00    0.02     0      0.00      0.00  680768  20160   0.12      0.00      1.60      0.00      3.92      0.13  postgres: wal writer process                                                                                                   
 1444147438     28470    0.00    0.00    0.00    0.00     0      1.15      0.00  681352   6560   0.04      0.00      0.00      0.00      0.87      0.03  postgres: autovacuum launcher process                                                                                          
 1444147438     28471    0.00    0.00    0.00    0.00     1      0.30      0.00  118952   3348   0.02      0.00      2.00      0.27      0.98      0.03  postgres: stats collector process                                                                                              
 1444147438     28582    0.00    0.00    0.00    0.00     2      1.65      0.00  106128   2772   0.02      0.00      0.00      0.00      0.07      0.00  /bin/sh /usr/local/bin/dbt3-pgxl-dbstat /tmp/pgxl-perf-example/load 

#      Time       PID    %usr %system  %guest    %CPU   CPU  minflt/s  majflt/s     VSZ    RSS   %MEM   kB_rd/s   kB_wr/s kB_ccwr/s   cswch/s nvcswch/s  Command
 1444147498         1    0.00    0.00    0.00    0.00     0      0.00      0.00   19292    400   0.00     -1.00     -1.00     -1.00      0.19      0.00  /sbin/init 
 1444147498       323    0.00    0.00    0.00    0.00     1      0.05      0.00   20032    612   0.00     -1.00     -1.00     -1.00      0.02      0.00  crond 
 1444147498       358    0.00    0.02    0.00    0.02     2      0.00      0.00   93988    664   0.00     -1.00     -1.00     -1.00      0.78      0.19  sshd: mark@pts/4  
 1444147498      6810    0.05    0.00    0.00    0.05     2      0.16      0.00  236956  13156   0.08      0.00      0.00      0.00      0.16      0.21  gvim 
 1444147498     28339    0.00    0.00    0.00    0.00     1      0.00      0.00  101036   1824   0.01      0.00      0.07      0.00      0.02      0.00  sar -o /tmp/pgxl-perf-example/load/pgxl/sar_raw.out 60 
 1444147498     28344    0.00    0.00    0.00    0.00     1      2.48      0.00  101024   2024   0.01      0.14      0.14      0.00      0.21      0.12  pidstat -h -l -d -r -u -w 60 
 1444147498     28349    0.00    0.00    0.00    0.00     1      0.52      0.00  101032   1952   0.01      0.41      0.34      0.00      0.62      0.05  sadc 60 -z -S ALL /tmp/pgxl-perf-example/load/pgxl/sar_raw.out 
 1444147498     28443    0.02    0.00    0.00    0.02     0      2.17      0.00 1797608   9876   0.06      0.00      0.00      0.00      0.45      0.00  gtm -D /tmp/dbt3/pgdata/gtm -l /tmp/pgxl-perf-example/load/gtm.log 
 1444147498     28464    0.00    0.00    0.00    0.00     0      2.88      0.00  680768  39936   0.24   8163.17      5.24      0.55      0.60      0.10  /opt/pgxl/bin/postgres --coordinator -D /tmp/dbt3/pgdata/coordinator -c pooler_port=35432 -c listen_addresses=* -c max_prepared
 1444147498     28466    0.00    0.00    0.00    0.00     2      0.00      0.00  682108   5368   0.03      0.00      0.00      0.00      1.10      0.05  postgres: pooler process                                                                                                       
 1444147498     28468    0.00    0.00    0.00    0.00     1      1.97      0.00  680768   7544   0.05      0.00      0.00      0.00      1.45      0.02  postgres: writer process                                                                                                       
 1444147498     28469    0.00    0.00    0.00    0.00     2      0.00      0.00  680768  20160   0.12      0.00      1.66      0.00      3.71      0.16  postgres: wal writer process                                                                                                   
 1444147498     28470    0.00    0.00    0.00    0.00     0      0.17      0.00  681352   6568   0.04      0.00      0.00      0.00      0.34      0.03  postgres: autovacuum launcher process                                                                                          
 1444147498     28471    0.00    0.02    0.00    0.02     2      0.34      0.00  118952   3348   0.02      0.00      2.34      0.00      1.48      0.09  postgres: stats collector process                                                                                              
 1444147498     28582    0.00    0.00    0.00    0.00     1      1.79      0.00  106128   2772   0.02      0.00      0.00      0.00      0.07      0.00  /bin/sh /usr/local/bin/dbt3-pgxl-dbstat /tmp/pgxl-perf-example/load 

#      Time       PID    %usr %system  %guest    %CPU   CPU  minflt/s  majflt/s     VSZ    RSS   %MEM   kB_rd/s   kB_wr/s kB_ccwr/s   cswch/s nvcswch/s  Command
 1444147558         1    0.00    0.00    0.00    0.00     0      0.00      0.02   19292    400   0.00     -1.00     -1.00     -1.00      0.23      0.02  /sbin/init 
 1444147558       323    0.00    0.00    0.00    0.00     1      0.05      0.00   20032    612   0.00     -1.00     -1.00     -1.00      0.02      0.00  crond 
 1444147558       358    0.00    0.00    0.00    0.00     3      0.00      0.00   93988    664   0.00     -1.00     -1.00     -1.00      0.37      0.24  sshd: mark@pts/4  
 1444147558      6810    0.03    0.00    0.00    0.03     2      0.00      0.00  236956  13156   0.08      0.00      0.00      0.00      0.10      0.32  gvim 
 1444147558     28339    0.00    0.00    0.00    0.00     1      0.00      0.00  101036   1824   0.01      0.00      0.06      0.00      0.02      0.00  sar -o /tmp/pgxl-perf-example/load/pgxl/sar_raw.out 60 
 1444147558     28344    0.00    0.00    0.00    0.00     0      2.32      0.00  101024   2024   0.01      0.13      0.06      0.00      0.15      0.08  pidstat -h -l -d -r -u -w 60 
 1444147558     28349    0.00    0.02    0.00    0.02     2      0.48      0.00  101032   1952   0.01      0.45      0.39      0.00      0.53      0.00  sadc 60 -z -S ALL /tmp/pgxl-perf-example/load/pgxl/sar_raw.out 
 1444147558     28443    0.00    0.00    0.00    0.00     2      1.03      0.00 1773020   8200   0.05      0.00      0.00      0.00      0.19      0.00  gtm -D /tmp/dbt3/pgdata/gtm -l /tmp/pgxl-perf-example/load/gtm.log 
 1444147558     28464    0.00    0.00    0.00    0.00     0      1.24      0.00  680768  39936   0.24   9392.00      2.58      0.13      0.29      0.03  /opt/pgxl/bin/postgres --coordinator -D /tmp/dbt3/pgdata/coordinator -c pooler_port=35432 -c listen_addresses=* -c max_prepared
 1444147558     28466    0.00    0.00    0.00    0.00     0      0.00      0.00  682108   5368   0.03      0.00      0.00      0.00      0.44      0.02  postgres: pooler process                                                                                                       
 1444147558     28468    0.00    0.00    0.00    0.00     3      0.00      0.00  680768   7544   0.05      0.00      0.00      0.00      0.29      0.00  postgres: writer process                                                                                                       
 1444147558     28469    0.00    0.00    0.00    0.00     2      0.00      0.00  680768  20160   0.12      0.00      1.29      0.00      3.56      0.15  postgres: wal writer process                                                                                                   
 1444147558     28470    0.00    0.00    0.00    0.00     3      0.18      0.00  681352   6580   0.04      0.00      0.00      0.00      0.32      0.03  postgres: autovacuum launcher process                                                                                          
 1444147558     28471    0.00    0.00    0.00    0.00     1      0.23      0.00  118952   3348   0.02      0.00      1.42      0.00      0.77      0.02  postgres: stats collector process                                                                                              
 1444147558     28582    0.00    0.00    0.00    0.00     0      1.65      0.00  106128   2772   0.02      0.00      0.00      0.00      0.06      0.00  /bin/sh /usr/local/bin/dbt3-pgxl-dbstat /tmp/pgxl-perf-example/load 

#      Time       PID    %usr %system  %guest    %CPU   CPU  minflt/s  majflt/s     VSZ    RSS   %MEM   kB_rd/s   kB_wr/s kB_ccwr/s   cswch/s nvcswch/s  Command
 1444147618         1    0.00    0.00    0.00    0.00     2      0.00      0.00   19292    400   0.00     -1.00     -1.00     -1.00      0.22      0.00  /sbin/init 
 1444147618       323    0.00    0.00    0.00    0.00     1      0.05      0.00   20032    612   0.00     -1.00     -1.00     -1.00      0.02      0.00  crond 
 1444147618       358    0.00    0.00    0.00    0.00     1      0.00      0.00   93988    664   0.00     -1.00     -1.00     -1.00      0.10      0.03  sshd: mark@pts/4  
 1444147618     28339    0.00    0.00    0.00    0.00     0      0.00      0.00  101036   1824   0.01      0.00      0.07      0.00      0.02      0.00  sar -o /tmp/pgxl-perf-example/load/pgxl/sar_raw.out 60 
 1444147618     28342    0.00    0.00    0.00    0.00     3      0.00      0.00   59884   6296   0.04      0.00      0.00      0.00      0.03      0.00  ssh pgxl1 
 1444147618     28343    0.00    0.00    0.00    0.00     1      0.00      0.00   59884   6360   0.04      0.00      0.00      0.00      0.03      0.00  ssh pgxl2 
 1444147618     28344    0.00    0.02    0.00    0.02     0      2.40      0.00  101024   2024   0.01      0.13      0.13      0.00      0.15      0.00  pidstat -h -l -d -r -u -w 60 
 1444147618     28349    0.00    0.00    0.00    0.00     1      0.50      0.00  101032   1952   0.01      0.47      0.33      0.00      0.57      0.00  sadc 60 -z -S ALL /tmp/pgxl-perf-example/load/pgxl/sar_raw.out 
 1444147618     28350    0.00    0.00    0.00    0.00     0      0.00      0.00   59884   6380   0.04      0.00      0.00      0.00      0.03      0.02  ssh pgxl1 
 1444147618     28443    0.02    0.02    0.00    0.03     2      1.18      0.00 1764824   8312   0.05      0.00      0.00      0.00      0.22      0.00  gtm -D /tmp/dbt3/pgdata/gtm -l /tmp/pgxl-perf-example/load/gtm.log 
 1444147618     28464    0.00    0.00    0.00    0.00     0      1.58      0.00  680768  39936   0.24   9775.13      2.13      0.13      0.33      0.02  /opt/pgxl/bin/postgres --coordinator -D /tmp/dbt3/pgdata/coordinator -c pooler_port=35432 -c listen_addresses=* -c max_prepared
 1444147618     28466    0.00    0.00    0.00    0.00     2      0.00      0.00  682108   5368   0.03      0.00      0.00      0.00      0.42      0.00  postgres: pooler process                                                                                                       
 1444147618     28468    0.00    0.00    0.00    0.00     2      0.00      0.00  680768   7544   0.05      0.00      0.00      0.00      0.25      0.00  postgres: writer process                                                                                                       
 1444147618     28469    0.00    0.02    0.00    0.02     1      0.00      0.00  680768  20160   0.12      0.00      1.07      0.00      4.63      0.05  postgres: wal writer process                                                                                                   
 1444147618     28470    0.00    0.02    0.00    0.02     1      2.10      0.00  681352   6588   0.04      0.00      0.00      0.00      2.28      0.28  postgres: autovacuum launcher process                                                                                          
 1444147618     28471    0.00    0.00    0.00    0.00     2      0.23      0.00  118952   3348   0.02      0.00      1.33      0.00      0.93      0.07  postgres: stats collector process                                                                                              
 1444147618     28582    0.00    0.00    0.00    0.00     0      1.68      0.00  106128   2772   0.02      0.00      0.00      0.00      0.07      0.00  /bin/sh /usr/local/bin/dbt3-pgxl-dbstat /tmp/pgxl-perf-example/load 
 1444147618     28584    0.00    0.00    0.00    0.00     1      0.00      0.00   59884   6396   0.04      0.00      0.00      0.00      0.03      0.00  ssh pgxl 
 1444147618     28585    0.00    0.00    0.00    0.00     1      0.00      0.00   59884   6400   0.04      0.00      0.00      0.00      0.03      0.00  ssh pgxl1 
 1444147618     28586    0.00    0.00    0.00    0.00     1      0.00      0.00   59884   6340   0.04      0.00      0.00      0.00      0.03      0.00  ssh pgxl2 

#      Time       PID    %usr %system  %guest    %CPU   CPU  minflt/s  majflt/s     VSZ    RSS   %MEM   kB_rd/s   kB_wr/s kB_ccwr/s   cswch/s nvcswch/s  Command
 1444147678         1    0.00    0.00    0.00    0.00     0      0.00      0.00   19292    400   0.00     -1.00     -1.00     -1.00      0.24      0.00  /sbin/init 
 1444147678       313    0.00    0.00    0.00    0.00     0      0.00      0.00   95344    104   0.00     -1.00     -1.00     -1.00      0.00      0.00  /usr/sbin/exim -bd -q1h 
 1444147678       323    0.00    0.00    0.00    0.00     1      0.05      0.00   20032    612   0.00     -1.00     -1.00     -1.00      0.02      0.00  crond 
 1444147678       358    0.00    0.00    0.00    0.00     1      0.00      0.00   93988    664   0.00     -1.00     -1.00     -1.00      0.05      0.05  sshd: mark@pts/4  
 1444147678      6810    0.00    0.00    0.00    0.00     2      0.00      0.00  236956  12892   0.08      0.00      0.00      0.00      0.00      0.00  gvim 
 1444147678     28344    0.00    0.00    0.00    0.00     0      2.48      0.00  101024   2024   0.01      0.14      0.14      0.00      0.19      0.05  pidstat -h -l -d -r -u -w 60 
 1444147678     28349    0.00    0.00    0.00    0.00     0      0.05      0.00  101032   1952   0.01      0.21      0.00      0.00      0.28      0.07  sadc 60 -z -S ALL /tmp/pgxl-perf-example/load/pgxl/sar_raw.out 
 1444147678     28443    0.02    0.00    0.00    0.02     2      1.31      0.00 1756628   8420   0.05      0.00      0.00      0.00      0.28      0.00  gtm -D /tmp/dbt3/pgdata/gtm -l /tmp/pgxl-perf-example/load/gtm.log 
 1444147678     28464    0.00    0.00    0.00    0.00     1      1.62      0.00  680768  39936   0.24  29199.38      0.76      0.07      0.29      0.00  /opt/pgxl/bin/postgres --coordinator -D /tmp/dbt3/pgdata/coordinator -c pooler_port=35432 -c listen_addresses=* -c max_prepared
 1444147678     28466    0.00    0.00    0.00    0.00     3      0.00      0.00  682108   5368   0.03      0.00      0.00      0.00      0.33      0.00  postgres: pooler process                                                                                                       
 1444147678     28467    0.00    0.02    0.00    0.02     2      0.53      0.00  680908  10936   0.07      0.00     12.69      0.00      3.29      0.74  postgres: checkpointer process                                                                                                 
 1444147678     28468    0.00    0.00    0.00    0.00     1      0.00      0.00  680768   7544   0.05      0.00      0.00      0.00      0.21      0.00  postgres: writer process                                                                                                       
 1444147678     28469    0.00    0.00    0.00    0.00     1      0.00      0.00  680768  20160   0.12      0.00      2.62      0.00      2.97      0.02  postgres: wal writer process                                                                                                   
 1444147678     28470    0.00    0.00    0.00    0.00     2      0.16      0.00  681352   6592   0.04      0.00      0.00      0.00      0.34      0.02  postgres: autovacuum launcher process                                                                                          
 1444147678     28471    0.00    0.02    0.00    0.02     0      0.21      0.00  118952   3348   0.02      0.00      1.24      0.00      2.55      0.07  postgres: stats collector process                                                                                              
 1444147678     28582    0.00    0.00    0.00    0.00     2      1.71      0.00  106128   2772   0.02      0.00      0.00      0.00      0.07      0.02  /bin/sh /usr/local/bin/dbt3-pgxl-dbstat /tmp/pgxl-perf-example/load 

#      Time       PID    %usr %system  %guest    %CPU   CPU  minflt/s  majflt/s     VSZ    RSS   %MEM   kB_rd/s   kB_wr/s kB_ccwr/s   cswch/s nvcswch/s  Command
 1444147738         1    0.00    0.00    0.00    0.00     0      0.00      0.00   19292    400   0.00     -1.00     -1.00     -1.00      0.23      0.00  /sbin/init 
 1444147738       323    0.00    0.00    0.00    0.00     1      0.05      0.00   20032    612   0.00     -1.00     -1.00     -1.00      0.02      0.00  crond 
 1444147738       358    0.00    0.00    0.00    0.00     0      0.00      0.00   93988    664   0.00     -1.00     -1.00     -1.00      0.05      0.02  sshd: mark@pts/4  
 1444147738     28339    0.00    0.00    0.00    0.00     0      0.00      0.00  101036   1824   0.01      0.00      0.06      0.00      0.02      0.00  sar -o /tmp/pgxl-perf-example/load/pgxl/sar_raw.out 60 
 1444147738     28344    0.02    0.00    0.00    0.02     1      2.32      0.00  101024   2024   0.01      0.13      0.13      0.00      0.15      0.19  pidstat -h -l -d -r -u -w 60 
 1444147738     28349    0.00    0.00    0.00    0.00     1      0.92      0.00  101032   1952   0.01      0.84      0.77      0.00      0.74      0.26  sadc 60 -z -S ALL /tmp/pgxl-perf-example/load/pgxl/sar_raw.out 
 1444147738     28443    0.00    0.02    0.00    0.02     0      1.00      0.00 1748432   8500   0.05      0.00      0.00      0.00      0.18      0.00  gtm -D /tmp/dbt3/pgdata/gtm -l /tmp/pgxl-perf-example/load/gtm.log 
 1444147738     28464    0.00    0.02    0.00    0.02     0      1.23      0.00  680768  39936   0.24      0.00      1.94      0.13      0.27      0.00  /opt/pgxl/bin/postgres --coordinator -D /tmp/dbt3/pgdata/coordinator -c pooler_port=35432 -c listen_addresses=* -c max_prepared
 1444147738     28466    0.00    0.00    0.00    0.00     0      0.00      0.00  682108   5368   0.03      0.00      0.00      0.00      0.27      0.00  postgres: pooler process                                                                                                       
 1444147738     28468    0.00    0.00    0.00    0.00     0      0.00      0.00  680768   7544   0.05      0.00      0.00      0.00      0.19      0.00  postgres: writer process                                                                                                       
 1444147738     28469    0.00    0.02    0.00    0.02     1      0.00      0.00  680768  20160   0.12      0.00      0.90      0.00      3.13      0.06  postgres: wal writer process                                                                                                   
 1444147738     28470    0.00    0.00    0.00    0.00     0      0.16      0.00  681352   6600   0.04      0.00      0.00      0.00      0.34      0.00  postgres: autovacuum launcher process                                                                                          
 1444147738     28471    0.00    0.00    0.00    0.00     0      0.19      0.00  118952   3348   0.02      0.00      1.16      0.00      0.82      0.00  postgres: stats collector process                                                                                              
 1444147738     28582    0.00    0.00    0.00    0.00     3      1.58      0.00  106128   2772   0.02      0.00      0.00      0.00      0.06      0.02  /bin/sh /usr/local/bin/dbt3-pgxl-dbstat /tmp/pgxl-perf-example/load 

#      Time       PID    %usr %system  %guest    %CPU   CPU  minflt/s  majflt/s     VSZ    RSS   %MEM   kB_rd/s   kB_wr/s kB_ccwr/s   cswch/s nvcswch/s  Command
 1444147798         1    0.00    0.00    0.00    0.00     2      0.00      0.00   19292    400   0.00     -1.00     -1.00     -1.00      0.22      0.00  /sbin/init 
 1444147798       323    0.00    0.00    0.00    0.00     1      0.05      0.00   20032    612   0.00     -1.00     -1.00     -1.00      0.02      0.00  crond 
 1444147798     28339    0.00    0.00    0.00    0.00     0      0.00      0.00  101036   1824   0.01      0.00      0.07      0.00      0.02      0.00  sar -o /tmp/pgxl-perf-example/load/pgxl/sar_raw.out 60 
 1444147798     28344    0.00    0.02    0.00    0.02     3      2.40      0.00  101024   2024   0.01      0.13      0.13      0.00      0.17      0.02  pidstat -h -l -d -r -u -w 60 
 1444147798     28349    0.00    0.00    0.00    0.00     3      0.03      0.00  101036   1952   0.01      0.13      0.00      0.00      0.20      0.02  sadc 60 -z -S ALL /tmp/pgxl-perf-example/load/pgxl/sar_raw.out 
 1444147798     28443    0.00    0.00    0.00    0.00     1      0.82      0.00 1748432   8564   0.05      0.00      0.00      0.00      0.18      0.00  gtm -D /tmp/dbt3/pgdata/gtm -l /tmp/pgxl-perf-example/load/gtm.log 
 1444147798     28464    0.00    0.00    0.00    0.00     1      1.10      0.00  680768  39936   0.24      0.00      0.00      0.00      0.23      0.00  /opt/pgxl/bin/postgres --coordinator -D /tmp/dbt3/pgdata/coordinator -c pooler_port=35432 -c listen_addresses=* -c max_prepared
 1444147798     28466    0.00    0.00    0.00    0.00     1      0.00      0.00  682108   5368   0.03      0.00      0.00      0.00      0.03      0.00  postgres: pooler process                                                                                                       
 1444147798     28468    0.00    0.00    0.00    0.00     0      0.00      0.00  680768   7544   0.05      0.00      0.00      0.00      0.20      0.00  postgres: writer process                                                                                                       
 1444147798     28469    0.00    0.00    0.00    0.00     1      0.00      0.00  680768  20160   0.12      0.00      1.20      0.00      2.97      0.05  postgres: wal writer process                                                                                                   
 1444147798     28470    0.00    0.00    0.00    0.00     2      0.22      0.00  681352   6600   0.04      0.00      0.00      0.00      0.42      0.02  postgres: autovacuum launcher process                                                                                          
 1444147798     28471    0.00    0.00    0.00    0.00     1      0.17      0.00  118952   3348   0.02      0.00      0.93      0.00      0.67      0.03  postgres: stats collector process                                                                                              
 1444147798     28582    0.00    0.00    0.00    0.00     0      1.68      0.00  106128   2776   0.02      0.00      0.00      0.00      0.07      0.00  /bin/sh /usr/local/bin/dbt3-pgxl-dbstat /tmp/pgxl-perf-example/load 

#      Time       PID    %usr %system  %guest    %CPU   CPU  minflt/s  majflt/s     VSZ    RSS   %MEM   kB_rd/s   kB_wr/s kB_ccwr/s   cswch/s nvcswch/s  Command
 1444147858         1    0.00    0.00    0.00    0.00     2      0.00      0.00   19292    400   0.00     -1.00     -1.00     -1.00      0.22      0.00  /sbin/init 
 1444147858       323    0.00    0.00    0.00    0.00     1      0.17      0.00   20032    612   0.00     -1.00     -1.00     -1.00      0.03      0.00  crond 
 1444147858      6810    0.00    0.00    0.00    0.00     2      0.00      0.00  236956  12812   0.08      0.00      0.00      0.00      0.00      0.00  gvim 
 1444147858     28339    0.00    0.00    0.00    0.00     3      0.00      0.00  101036   1824   0.01      0.00      0.07      0.00      0.02      0.00  sar -o /tmp/pgxl-perf-example/load/pgxl/sar_raw.out 60 
 1444147858     28342    0.00    0.00    0.00    0.00     3      0.00      0.00   59884   6296   0.04      0.00      0.00      0.00      0.03      0.02  ssh pgxl1 
 1444147858     28343    0.00    0.00    0.00    0.00     3      0.00      0.00   59884   6360   0.04      0.00      0.00      0.00      0.03      0.00  ssh pgxl2 
 1444147858     28344    0.00    0.00    0.00    0.00     3      2.40      0.00  101024   2024   0.01      0.27      0.13      0.00      0.17      0.10  pidstat -h -l -d -r -u -w 60 
 1444147858     28349    0.00    0.00    0.00    0.00     3      0.53      0.00  101036   1952   0.01      0.93      0.73      0.00      1.03      0.28  sadc 60 -z -S ALL /tmp/pgxl-perf-example/load/pgxl/sar_raw.out 
 1444147858     28350    0.00    0.00    0.00    0.00     0      0.00      0.00   59884   6380   0.04      0.00      0.00      0.00      0.03      0.00  ssh pgxl1 
 1444147858     28443    0.02    0.00    0.00    0.02     2      0.85      0.00 1748432   8620   0.05      0.00      0.00      0.00      0.17      0.02  gtm -D /tmp/dbt3/pgdata/gtm -l /tmp/pgxl-perf-example/load/gtm.log 
 1444147858     28464    0.00    0.00    0.00    0.00     2      1.10      0.00  680768  39936   0.24      0.00      0.00      0.00      0.20      0.00  /opt/pgxl/bin/postgres --coordinator -D /tmp/dbt3/pgdata/coordinator -c pooler_port=35432 -c listen_addresses=* -c max_prepared
 1444147858     28466    0.00    0.00    0.00    0.00     1      0.00      0.00  682108   5368   0.03      0.00      0.00      0.00      0.03      0.00  postgres: pooler process                                                                                                       
 1444147858     28468    0.00    0.00    0.00    0.00     1      0.00      0.00  680768   7544   0.05      0.00      0.00      0.00      0.20      0.00  postgres: writer process                                                                                                       
 1444147858     28469    0.00    0.00    0.00    0.00     1      0.00      0.00  680768  20160   0.12      0.00      1.20      0.00      3.05      0.08  postgres: wal writer process                                                                                                   
 1444147858     28470    0.00    0.00    0.00    0.00     1      0.13      0.00  681352   6600   0.04      0.00      0.00      0.00      0.33      0.05  postgres: autovacuum launcher process                                                                                          
 1444147858     28471    0.00    0.00    0.00    0.00     2      0.17      0.00  118952   3348   0.02      0.00      0.93      0.00      0.72      0.00  postgres: stats collector process                                                                                              
 1444147858     28582    0.00    0.00    0.00    0.00     0      1.68      0.00  106128   2776   0.02      0.00      0.00      0.00      0.07      0.00  /bin/sh /usr/local/bin/dbt3-pgxl-dbstat /tmp/pgxl-perf-example/load 
 1444147858     28584    0.00    0.00    0.00    0.00     1      0.00      0.00   59884   6396   0.04      0.00      0.00      0.00      0.03      0.00  ssh pgxl 
 1444147858     28585    0.00    0.00    0.00    0.00     1      0.00      0.00   59884   6400   0.04      0.00      0.00      0.00      0.03      0.00  ssh pgxl1 
 1444147858     28586    0.00    0.00    0.00    0.00     1      0.00      0.00   59884   6340   0.04      0.00      0.00      0.00      0.03      0.00  ssh pgxl2 

#      Time       PID    %usr %system  %guest    %CPU   CPU  minflt/s  majflt/s     VSZ    RSS   %MEM   kB_rd/s   kB_wr/s kB_ccwr/s   cswch/s nvcswch/s  Command
 1444147918         1    0.00    0.00    0.00    0.00     2      0.00      0.00   19292    400   0.00     -1.00     -1.00     -1.00      0.20      0.03  /sbin/init 
 1444147918       323    0.00    0.00    0.00    0.00     1      0.12      0.00   20032    612   0.00     -1.00     -1.00     -1.00      0.02      0.00  crond 
 1444147918       358    0.00    0.00    0.00    0.00     3      0.00      0.00   93988    664   0.00     -1.00     -1.00     -1.00      0.07      0.00  sshd: mark@pts/4  
 1444147918      6810    0.00    0.00    0.00    0.00     0      0.00      0.00  236956  12812   0.08      0.00      0.00      0.00      0.03      0.00  gvim 
 1444147918     28339    0.00    0.00    0.00    0.00     3      0.00      0.00  101036   1824   0.01      0.00      0.07      0.00      0.02      0.00  sar -o /tmp/pgxl-perf-example/load/pgxl/sar_raw.out 60 
 1444147918     28344    0.00    0.00    0.00    0.00     3      2.40      0.00  101024   2024   0.01      0.13      0.13      0.00      0.17      0.07  pidstat -h -l -d -r -u -w 60 
 1444147918     28349    0.00    0.00    0.00    0.00     3      0.47      0.00  101032   1952   0.01      0.07      0.00      0.00      0.20      0.00  sadc 60 -z -S ALL /tmp/pgxl-perf-example/load/pgxl/sar_raw.out 
 1444147918     28443    0.00    0.02    0.00    0.02     0      1.65      0.00 1764824  10748   0.07      0.00      0.00      0.00      0.28      0.00  gtm -D /tmp/dbt3/pgdata/gtm -l /tmp/pgxl-perf-example/load/gtm.log 
 1444147918     28464    0.00    0.00    0.00    0.00     2      2.30      0.00  680768  39936   0.24 125581.93      0.00      0.00      0.37      0.02  /opt/pgxl/bin/postgres --coordinator -D /tmp/dbt3/pgdata/coordinator -c pooler_port=35432 -c listen_addresses=* -c max_prepared
 1444147918     28466    0.00    0.02    0.00    0.02     1      0.00      0.00  682108   5368   0.03      0.00      0.00      0.00      0.18      0.00  postgres: pooler process                                                                                                       
 1444147918     28468    0.00    0.00    0.00    0.00     1      0.00      0.00  680768   7544   0.05      0.00      0.00      0.00      0.20      0.00  postgres: writer process                                                                                                       
 1444147918     28469    0.00    0.02    0.00    0.02     1      0.00      0.00  680768  20160   0.12      0.00      1.20      0.00      2.77      0.02  postgres: wal writer process                                                                                                   
 1444147918     28470    0.00    0.00    0.00    0.00     1      0.13      0.00  681352   6600   0.04      0.00      0.00      0.00      0.33      0.03  postgres: autovacuum launcher process                                                                                          
 1444147918     28471    0.00    0.00    0.00    0.00     1      0.17      0.00  118952   3348   0.02      0.00      0.93      0.00      1.00      0.03  postgres: stats collector process                                                                                              
 1444147918     28582    0.00    0.00    0.00    0.00     0      1.70      0.00  106128   2776   0.02      0.00      0.00      0.00      0.07      0.00  /bin/sh /usr/local/bin/dbt3-pgxl-dbstat /tmp/pgxl-perf-example/load 

#      Time       PID    %usr %system  %guest    %CPU   CPU  minflt/s  majflt/s     VSZ    RSS   %MEM   kB_rd/s   kB_wr/s kB_ccwr/s   cswch/s nvcswch/s  Command
 1444147978         1    0.00    0.00    0.00    0.00     0      0.00      0.00   19292    400   0.00     -1.00     -1.00     -1.00      0.13      0.00  /sbin/init 
 1444147978       323    0.00    0.00    0.00    0.00     1      0.05      0.00   20032    612   0.00     -1.00     -1.00     -1.00      0.02      0.00  crond 
 1444147978      6810    0.00    0.00    0.00    0.00     0      0.00      0.00  236956  12800   0.08      0.00      0.00      0.00      0.00      0.00  gvim 
 1444147978     28339    0.00    0.00    0.00    0.00     3      0.00      0.00  101036   1824   0.01      0.00      0.13      0.00      0.05      0.00  sar -o /tmp/pgxl-perf-example/load/pgxl/sar_raw.out 60 
 1444147978     28344    0.00    0.02    0.00    0.02     3      2.40      0.00  101024   2024   0.01      0.13      0.13      0.00      0.15      0.00  pidstat -h -l -d -r -u -w 60 
 1444147978     28349    0.00    0.02    0.00    0.02     3      0.97      0.00  101032   1952   0.01      0.80      0.73      0.00      0.97      0.00  sadc 60 -z -S ALL /tmp/pgxl-perf-example/load/pgxl/sar_raw.out 
 1444147978     28443    0.00    0.02    0.00    0.02     3      1.18      0.00 1797608  10816   0.07      0.00      0.00      0.00      0.22      0.00  gtm -D /tmp/dbt3/pgdata/gtm -l /tmp/pgxl-perf-example/load/gtm.log 
 1444147978     28464    0.00    0.00    0.00    0.00     3      1.12      0.00  680768  39936   0.24      0.00      0.00      0.00      0.18      0.00  /opt/pgxl/bin/postgres --coordinator -D /tmp/dbt3/pgdata/coordinator -c pooler_port=35432 -c listen_addresses=* -c max_prepared
 1444147978     28466    0.00    0.00    0.00    0.00     1      0.00      0.00  682108   5368   0.03      0.00      0.00      0.00      0.03      0.00  postgres: pooler process                                                                                                       
 1444147978     28467    0.00    0.00    0.00    0.00     0      0.03      0.00  680908  10936   0.07      1.20      4.67      0.00      1.42      0.18  postgres: checkpointer process                                                                                                 
 1444147978     28468    0.00    0.00    0.00    0.00     3      0.00      0.00  680768   7544   0.05      0.00      0.00      0.00      0.17      0.00  postgres: writer process                                                                                                       
 1444147978     28469    0.00    0.00    0.00    0.00     3      0.00      0.00  680768  20160   0.12      0.00      1.20      0.00      3.12      0.00  postgres: wal writer process                                                                                                   
 1444147978     28470    0.00    0.02    0.00    0.02     0      0.15      0.00  681352   6604   0.04      0.00      0.00      0.00      0.33      0.03  postgres: autovacuum launcher process                                                                                          
 1444147978     28471    0.00    0.00    0.00    0.00     0      0.20      0.00  118952   3348   0.02      0.00      1.20      0.00      1.28      0.02  postgres: stats collector process                                                                                              
 1444147978     28582    0.00    0.00    0.00    0.00     0      1.68      0.00  106128   2776   0.02      0.00      0.00      0.00      0.07      0.00  /bin/sh /usr/local/bin/dbt3-pgxl-dbstat /tmp/pgxl-perf-example/load 

#      Time       PID    %usr %system  %guest    %CPU   CPU  minflt/s  majflt/s     VSZ    RSS   %MEM   kB_rd/s   kB_wr/s kB_ccwr/s   cswch/s nvcswch/s  Command
 1444148038         1    0.00    0.00    0.00    0.00     0      0.00      0.00   19292    400   0.00     -1.00     -1.00     -1.00      0.22      0.00  /sbin/init 
 1444148038       313    0.00    0.00    0.00    0.00     0      0.00      0.00   95344    100   0.00     -1.00     -1.00     -1.00      0.00      0.00  /usr/sbin/exim -bd -q1h 
 1444148038       323    0.00    0.00    0.00    0.00     0      0.05      0.00   20032    612   0.00     -1.00     -1.00     -1.00      0.02      0.00  crond 
 1444148038       358    0.00    0.00    0.00    0.00     3      0.00      0.00   93988    664   0.00     -1.00     -1.00     -1.00      0.15      0.00  sshd: mark@pts/4  
 1444148038      6810    0.00    0.00    0.00    0.00     3      0.00      0.00  236956  12776   0.08      0.00      0.00      0.00      0.13      0.00  gvim 
 1444148038     28339    0.00    0.00    0.00    0.00     0      0.00      0.00  101036   1824   0.01      0.00      0.07      0.00      0.02      0.00  sar -o /tmp/pgxl-perf-example/load/pgxl/sar_raw.out 60 
 1444148038     28344    0.00    0.00    0.00    0.00     3      2.40      0.00  101024   2024   0.01      0.13      0.13      0.00      0.15      0.02  pidstat -h -l -d -r -u -w 60 
 1444148038     28349    0.00    0.00    0.00    0.00     3      0.50      0.00  101032   1952   0.01      0.47      0.40      0.00      0.53      0.00  sadc 60 -z -S ALL /tmp/pgxl-perf-example/load/pgxl/sar_raw.out 
 1444148038     28443    0.02    0.00    0.00    0.02     2      0.98      0.00 1789412  10896   0.07      0.00      0.00      0.00      0.22      0.00  gtm -D /tmp/dbt3/pgdata/gtm -l /tmp/pgxl-perf-example/load/gtm.log 
 1444148038     28464    0.00    0.00    0.00    0.00     0      1.10      0.00  680768  39936   0.24      0.00      0.73      0.07      0.23      0.00  /opt/pgxl/bin/postgres --coordinator -D /tmp/dbt3/pgdata/coordinator -c pooler_port=35432 -c listen_addresses=* -c max_prepared
 1444148038     28466    0.00    0.00    0.00    0.00     0      0.00      0.00  682108   5368   0.03      0.00      0.00      0.00      0.12      0.00  postgres: pooler process                                                                                                       
 1444148038     28468    0.00    0.00    0.00    0.00     3      0.00      0.00  680768   7544   0.05      0.00      0.00      0.00      0.20      0.00  postgres: writer process                                                                                                       
 1444148038     28469    0.00    0.00    0.00    0.00     0      0.00      0.00  680768  20160   0.12      0.00      2.67      0.00      3.83      0.00  postgres: wal writer process                                                                                                   
 1444148038     28470    0.00    0.00    0.00    0.00     0      0.15      0.00  681352   6608   0.04      0.00      0.00      0.00      0.33      0.03  postgres: autovacuum launcher process                                                                                          
 1444148038     28471    0.00    0.00    0.00    0.00     2      0.20      0.00  118952   3348   0.02      0.00      1.20      0.00      0.77      0.00  postgres: stats collector process                                                                                              
 1444148038     28582    0.00    0.00    0.00    0.00     0      1.67      0.00  106128   2776   0.02      0.00      0.00      0.00      0.07      0.00  /bin/sh /usr/local/bin/dbt3-pgxl-dbstat /tmp/pgxl-perf-example/load 

#      Time       PID    %usr %system  %guest    %CPU   CPU  minflt/s  majflt/s     VSZ    RSS   %MEM   kB_rd/s   kB_wr/s kB_ccwr/s   cswch/s nvcswch/s  Command
 1444148098         1    0.00    0.02    0.00    0.02     2      0.00      0.00   19292    400   0.00     -1.00     -1.00     -1.00      0.22      0.00  /sbin/init 
 1444148098       313    0.00    0.00    0.00    0.00     0      0.00      0.00   95344     88   0.00     -1.00     -1.00     -1.00      0.00      0.00  /usr/sbin/exim -bd -q1h 
 1444148098       323    0.00    0.00    0.00    0.00     0      0.05      0.00   20032    612   0.00     -1.00     -1.00     -1.00      0.02      0.02  crond 
 1444148098       358    0.00    0.00    0.00    0.00     1      0.00      0.00   93988    664   0.00     -1.00     -1.00     -1.00      0.02      0.00  sshd: mark@pts/4  
 1444148098       359    0.00    0.00    0.00    0.00     3      0.00      0.00  108464   1772   0.01      0.00      0.00      0.00      0.00      0.00  -bash 
 1444148098      6810    0.00    0.00    0.00    0.00     3      0.00      0.00  236956  12764   0.08      0.00      0.00      0.00      0.00      0.00  gvim 
 1444148098     28339    0.00    0.00    0.00    0.00     0      0.00      0.00  101036   1824   0.01      0.00      0.07      0.00      0.02      0.00  sar -o /tmp/pgxl-perf-example/load/pgxl/sar_raw.out 60 
 1444148098     28342    0.00    0.00    0.00    0.00     3      0.00      0.00   59884   6296   0.04      0.00      0.00      0.00      0.03      0.00  ssh pgxl1 
 1444148098     28343    0.00    0.00    0.00    0.00     3      0.00      0.00   59884   6360   0.04      0.00      0.00      0.00      0.03      0.00  ssh pgxl2 
 1444148098     28344    0.00    0.00    0.00    0.00     3      2.40      0.00  101024   2024   0.01      0.27      0.13      0.00      0.15      0.40  pidstat -h -l -d -r -u -w 60 
 1444148098     28349    0.00    0.00    0.00    0.00     0      0.50      0.00  101032   1952   0.01      0.40      0.40      0.00      0.58      0.00  sadc 60 -z -S ALL /tmp/pgxl-perf-example/load/pgxl/sar_raw.out 
 1444148098     28350    0.00    0.00    0.00    0.00     1      0.00      0.00   59884   6380   0.04      0.00      0.00      0.00      0.03      0.00  ssh pgxl1 
 1444148098     28443    0.00    0.02    0.00    0.02     2      1.00      0.00 1781216  10964   0.07      0.00      0.00      0.00      0.20      0.00  gtm -D /tmp/dbt3/pgdata/gtm -l /tmp/pgxl-perf-example/load/gtm.log 
 1444148098     28464    0.00    0.00    0.00    0.00     0      1.10      0.00  680768  39936   0.24      0.13      0.73      0.07      0.23      0.00  /opt/pgxl/bin/postgres --coordinator -D /tmp/dbt3/pgdata/coordinator -c pooler_port=35432 -c listen_addresses=* -c max_prepared
 1444148098     28466    0.00    0.00    0.00    0.00     0      0.00      0.00  682108   5368   0.03      0.00      0.00      0.00      0.20      0.00  postgres: pooler process                                                                                                       
 1444148098     28468    0.00    0.00    0.00    0.00     0      0.00      0.00  680768   7544   0.05      0.00      0.00      0.00      0.25      0.02  postgres: writer process                                                                                                       
 1444148098     28469    0.00    0.00    0.00    0.00     1      0.00      0.00  680768  20160   0.12      0.00      2.13      0.00      3.73      0.10  postgres: wal writer process                                                                                                   
 1444148098     28470    0.00    0.00    0.00    0.00     2      0.15      0.00  681352   6612   0.04      0.00      0.00      0.00      0.33      0.05  postgres: autovacuum launcher process                                                                                          
 1444148098     28471    0.00    0.00    0.00    0.00     0      0.20      0.00  118952   3348   0.02      0.00      1.20      0.00      0.63      0.02  postgres: stats collector process                                                                                              
 1444148098     28582    0.00    0.00    0.00    0.00     0      1.70      0.00  106128   2776   0.02      0.00      0.00      0.00      0.07      0.00  /bin/sh /usr/local/bin/dbt3-pgxl-dbstat /tmp/pgxl-perf-example/load 
 1444148098     28584    0.00    0.00    0.00    0.00     1      0.00      0.00   59884   6396   0.04      0.00      0.00      0.00      0.03      0.00  ssh pgxl 
 1444148098     28585    0.00    0.00    0.00    0.00     1      0.00      0.00   59884   6400   0.04      0.00      0.00      0.00      0.03      0.00  ssh pgxl1 
 1444148098     28586    0.00    0.00    0.00    0.00     1      0.00      0.00   59884   6340   0.04      0.00      0.00      0.00      0.03      0.00  ssh pgxl2 

#      Time       PID    %usr %system  %guest    %CPU   CPU  minflt/s  majflt/s     VSZ    RSS   %MEM   kB_rd/s   kB_wr/s kB_ccwr/s   cswch/s nvcswch/s  Command
 1444148158         1    0.00    0.00    0.00    0.00     0      0.00      0.00   19292    400   0.00     -1.00     -1.00     -1.00      0.22      0.00  /sbin/init 
 1444148158       323    0.00    0.00    0.00    0.00     0      0.05      0.00   20032    612   0.00     -1.00     -1.00     -1.00      0.02      0.00  crond 
 1444148158       358    0.00    0.00    0.00    0.00     2      0.00      0.00   93988    664   0.00     -1.00     -1.00     -1.00      0.08      0.05  sshd: mark@pts/4  
 1444148158      6810    0.00    0.00    0.00    0.00     3      0.00      0.00  236956  11480   0.07      0.00      0.00      0.00      0.00      0.00  gvim 
 1444148158     28305    0.00    0.00    0.00    0.00     0      0.00      0.00  106128   3028   0.02      0.00      0.00      0.00      0.00      0.00  /bin/sh /usr/local/bin/dbt3-run-workload -a pgxl -f 10 -n 2 -P -o /tmp/pgxl-perf-example 
 1444148158     28315    0.00    0.00    0.00    0.00     0      0.00      0.00  106128   2936   0.02      0.00      0.00      0.00      0.00      0.00  /bin/sh /usr/local/bin/dbt3-pgxl-load-test -o /tmp/pgxl-perf-example/load -p -c max_prepared_transactions=30 -c shared_buffers=
 1444148158     28340    0.00    0.00    0.00    0.00     3      0.00      0.00  106128    224   0.00      0.00      0.00      0.00      0.00      0.00  /bin/sh /usr/local/bin/dbt3-sysstats --outdir /tmp/pgxl-perf-example/load --sample 60 --mpp 1 
 1444148158     28341    0.00    0.00    0.00    0.00     2      0.00      0.00  106128    224   0.00      0.00      0.00      0.00      0.00      0.00  /bin/sh /usr/local/bin/dbt3-sysstats --outdir /tmp/pgxl-perf-example/load --sample 60 --mpp 1 
 1444148158     28344    0.00    0.00    0.00    0.00     3      2.40      0.00  101024   2024   0.01      0.07      0.13      0.00      0.20      0.02  pidstat -h -l -d -r -u -w 60 
 1444148158     28345    0.00    0.00    0.00    0.00     1      0.00      0.00  106128   1568   0.01      0.00      0.00      0.00      0.00      0.00  /bin/sh /usr/local/bin/dbt3-sysstats --outdir /tmp/pgxl-perf-example/load --sample 60 --mpp 1 
 1444148158     28349    0.00    0.00    0.00    0.00     1      0.03      0.00  101032   1952   0.01      0.20      0.00      0.00      0.25      0.00  sadc 60 -z -S ALL /tmp/pgxl-perf-example/load/pgxl/sar_raw.out 
 1444148158     28443    0.00    0.00    0.00    0.00     0      1.03      0.00 1748432  22392   0.14      0.00      0.00      0.00      0.22      0.00  gtm -D /tmp/dbt3/pgdata/gtm -l /tmp/pgxl-perf-example/load/gtm.log 
 1444148158     28464    0.00    0.00    0.00    0.00     0      1.12      0.00  680768  39936   0.24      0.13      2.53      0.27      0.30      0.00  /opt/pgxl/bin/postgres --coordinator -D /tmp/dbt3/pgdata/coordinator -c pooler_port=35432 -c listen_addresses=* -c max_prepared
 1444148158     28466    0.00    0.00    0.00    0.00     0      0.00      0.00  682108   5368   0.03      0.00      0.00      0.00      0.30      0.00  postgres: pooler process                                                                                                       
 1444148158     28468    0.00    0.00    0.00    0.00     2      0.00      0.00  680768   7544   0.05      0.00      0.00      0.00      0.20      0.00  postgres: writer process                                                                                                       
 1444148158     28469    0.00    0.02    0.00    0.02     0      0.00      0.00  680768  20160   0.12      0.00      1.20      0.00      3.02      0.03  postgres: wal writer process                                                                                                   
 1444148158     28470    0.00    0.00    0.00    0.00     3      0.13      0.00  681352   6612   0.04      0.00      0.00      0.00      0.33      0.05  postgres: autovacuum launcher process                                                                                          
 1444148158     28471    0.00    0.02    0.00    0.02     0      0.20      0.00  118952   3348   0.02      0.00      1.20      0.00      0.90      0.00  postgres: stats collector process                                                                                              
 1444148158     28582    0.00    0.00    0.00    0.00     2      1.72      0.00  106128   2764   0.02      0.00      0.00      0.00      0.07      0.00  /bin/sh /usr/local/bin/dbt3-pgxl-dbstat /tmp/pgxl-perf-example/load 

#      Time       PID    %usr %system  %guest    %CPU   CPU  minflt/s  majflt/s     VSZ    RSS   %MEM   kB_rd/s   kB_wr/s kB_ccwr/s   cswch/s nvcswch/s  Command
 1444148218         1    0.00    0.00    0.00    0.00     0      0.00      0.00   19292    400   0.00     -1.00     -1.00     -1.00      0.22      0.00  /sbin/init 
 1444148218       323    0.00    0.00    0.00    0.00     0      0.05      0.00   20032    612   0.00     -1.00     -1.00     -1.00      0.02      0.00  crond 
 1444148218       358    0.00    0.00    0.00    0.00     2      0.00      0.00   93988    664   0.00     -1.00     -1.00     -1.00      0.03      0.00  sshd: mark@pts/4  
 1444148218      6810    0.00    0.00    0.00    0.00     3      0.00      0.00  236956  11476   0.07      0.00      0.00      0.00      0.00      0.00  gvim 
 1444148218     28339    0.00    0.00    0.00    0.00     3      0.00      0.00  101036   1824   0.01      0.00      0.13      0.00      0.03      0.00  sar -o /tmp/pgxl-perf-example/load/pgxl/sar_raw.out 60 
 1444148218     28344    0.00    0.00    0.00    0.00     0      2.40      0.00  101024   2024   0.01      0.13      0.13      0.00      0.15      0.03  pidstat -h -l -d -r -u -w 60 
 1444148218     28349    0.00    0.00    0.00    0.00     1      0.97      0.00  101032   1952   0.01      0.67      0.73      0.00      1.00      0.02  sadc 60 -z -S ALL /tmp/pgxl-perf-example/load/pgxl/sar_raw.out 
 1444148218     28443    0.00    0.02    0.00    0.02     0      1.13      0.00 1740236  22476   0.14      0.00      0.00      0.00      0.20      0.00  gtm -D /tmp/dbt3/pgdata/gtm -l /tmp/pgxl-perf-example/load/gtm.log 
 1444148218     28464    0.00    0.02    0.00    0.02     1      1.27      0.00  680768  39936   0.24      0.20      1.40      0.13      0.27      0.00  /opt/pgxl/bin/postgres --coordinator -D /tmp/dbt3/pgdata/coordinator -c pooler_port=35432 -c listen_addresses=* -c max_prepared
 1444148218     28466    0.00    0.00    0.00    0.00     1      0.00      0.00  682108   5368   0.03      0.00      0.00      0.00      0.18      0.00  postgres: pooler process                                                                                                       
 1444148218     28468    0.00    0.00    0.00    0.00     0      0.00      0.00  680768   7544   0.05      0.00      0.00      0.00      0.20      0.00  postgres: writer process                                                                                                       
 1444148218     28469    0.00    0.02    0.00    0.02     0      0.00      0.00  680768  20160   0.12      0.00      1.20      0.00      3.03      0.03  postgres: wal writer process                                                                                                   
 1444148218     28470    0.00    0.00    0.00    0.00     0      0.15      0.00  681352   6616   0.04      0.00      0.00      0.00      0.33      0.05  postgres: autovacuum launcher process                                                                                          
 1444148218     28471    0.00    0.00    0.00    0.00     0      0.20      0.00  118952   3348   0.02      0.00      1.20      0.00      0.58      0.02  postgres: stats collector process                                                                                              
 1444148218     28582    0.00    0.00    0.00    0.00     1      1.72      0.00  106128   2764   0.02      0.00      0.00      0.00      0.07      0.00  /bin/sh /usr/local/bin/dbt3-pgxl-dbstat /tmp/pgxl-perf-example/load 
