Linux 3.16.0-38-generic (pgxl1) 	10/06/2015 	_x86_64_	(4 CPU)

#      Time       PID    %usr %system  %guest    %CPU   CPU  minflt/s  majflt/s     VSZ    RSS   %MEM   kB_rd/s   kB_wr/s kB_ccwr/s   cswch/s nvcswch/s  Command
 1444147378         1    0.00    0.00    0.00    0.00     0      0.00      0.00   19292    536   0.00     -1.00     -1.00     -1.00      0.00      0.00  /sbin/init 
 1444147378        78    0.00    0.00    0.00    0.00     1      0.00      0.00    4124    252   0.00     -1.00     -1.00     -1.00      0.00      0.00  /sbin/mingetty --nohangup console 
 1444147378       241    0.00    0.00    0.00    0.00     0      0.00      0.00  245104    708   0.00     -1.00     -1.00     -1.00      0.00      0.00  /sbin/rsyslogd -i /var/run/syslogd.pid -c 5 
 1444147378       271    0.00    0.00    0.00    0.00     3      0.00      0.00   66276    784   0.00     -1.00     -1.00     -1.00      0.00      0.00  /usr/sbin/sshd 
 1444147378       290    0.00    0.00    0.00    0.00     1      0.00      0.00   82640    592   0.00     -1.00     -1.00     -1.00      0.00      0.00  sendmail: accepting connections
 1444147378       299    0.00    0.00    0.00    0.00     1      0.00      0.00   78236    400   0.00     -1.00     -1.00     -1.00      0.00      0.00  sendmail: Queue runner@01:00:00 for /var/spool/clientmqueue
 1444147378       309    0.00    0.00    0.00    0.00     0      0.00      0.00   20036    556   0.00     -1.00     -1.00     -1.00      0.00      0.00  crond 
 1444147378       321    0.00    0.00    0.00    0.00     3      0.00      0.00    4124    252   0.00     -1.00     -1.00     -1.00      0.00      0.00  /sbin/mingetty --nohangup /dev/tty1 
 1444147378       323    0.00    0.00    0.00    0.00     0      0.00      0.00    4124    248   0.00     -1.00     -1.00     -1.00      0.00      0.00  /sbin/mingetty --nohangup /dev/tty2 
 1444147378       325    0.00    0.00    0.00    0.00     2      0.00      0.00    4124    248   0.00     -1.00     -1.00     -1.00      0.00      0.00  /sbin/mingetty --nohangup /dev/tty3 
 1444147378       327    0.00    0.00    0.00    0.00     3      0.00      0.00    4124    244   0.00     -1.00     -1.00     -1.00      0.00      0.00  /sbin/mingetty --nohangup /dev/tty4 
 1444147378       607    0.00    0.00    0.00    0.00     2      0.00      0.00   93844    288   0.00     -1.00     -1.00     -1.00      0.00      0.00  sshd: mark [priv] 
 1444147378       609    0.00    0.00    0.00    0.00     0      0.00      0.00   93844     56   0.00     -1.00     -1.00     -1.00      0.00      0.00  sshd: mark@pts/4  
 1444147378       610    0.00    0.00    0.00    0.00     3      0.00      0.00  108368   1432   0.01      0.00      0.00      0.00      0.00      0.00  -bash 
 1444147378      7582    0.00    0.00    0.00    0.00     1      0.00      0.00  101036   1716   0.01      0.00      0.00      0.00      0.00      0.00  sar -o /tmp/pgxl-perf-example/load/pgxl1/sar_raw.out 60 
 1444147378      7583    0.00    0.00    0.00    0.00     2      0.00      0.00  101024   1780   0.01      0.00      0.00      0.00      0.00      0.00  pidstat -h -l -d -r -u -w 60 
 1444147378      7584    0.00    0.00    0.00    0.00     1      0.00      0.00  101036   1824   0.01      0.00      0.00      0.00      0.00      0.00  sadc 60 -z -S ALL /tmp/pgxl-perf-example/load/pgxl1/sar_raw.out 
 1444147378      7691    0.00    0.00    0.00    0.00     1      0.00      0.00  160432   4484   0.03      0.00      0.00      0.00      0.00      0.00  gtm_proxy -D /tmp/dbt3/pgdata/gtm_proxy.1 -s pgxl -t 6666 -l /tmp/pgxl-perf-example/load/gtm_proxy_1.log 
 1444147378      7711    0.00    0.00    0.00    0.00     3      0.00      0.00  684880  39972   0.24      0.00      0.00      0.00      0.00      0.00  /opt/pgxl/bin/postgres --datanode -D /tmp/dbt3/pgdata/datanode.1.1 -p 15433 -c pooler_port=25433 -c listen_addresses=* -c max_p
 1444147378      7713    0.00    0.00    0.00    0.00     0      0.00      0.00  684880   2960   0.02      0.00      0.00      0.00      0.00      0.00  postgres: pooler process                                                                                                       
 1444147378      7714    0.00    0.00    0.00    0.00     0      0.00      0.00  685020   8616   0.05      0.00      0.00      0.00      0.00      0.00  postgres: checkpointer process                                                                                                 
 1444147378      7715    0.00    0.00    0.00    0.00     1      0.00      0.00  684880   5028   0.03      0.00      0.00      0.00      0.00      0.00  postgres: writer process                                                                                                       
 1444147378      7716    0.00    0.00    0.00    0.00     1      0.00      0.00  684880  20080   0.12      0.00      0.00      0.00      0.00      0.00  postgres: wal writer process                                                                                                   
 1444147378      7717    0.00    0.00    0.00    0.00     3      0.00      0.00  685472   5988   0.04      0.00      0.00      0.00      0.00      0.00  postgres: autovacuum launcher process                                                                                          
 1444147378      7718    0.00    0.00    0.00    0.00     1      0.00      0.00  118944   3168   0.02      0.00      0.00      0.00      0.00      0.00  postgres: stats collector process                                                                                              
 1444147378      7721    0.00    0.00    0.00    0.00     0      0.00      0.00  686256  10404   0.06      0.00      0.00      0.00      0.00      0.00  postgres: mark postgres 10.0.3.115(48856) idle                                                                                 
 1444147378      7722    0.00    0.00    0.00    0.00     1      0.00      0.00  686864  16288   0.10      0.00      0.00      0.00      0.00      0.00  postgres: mark dbt3 10.0.3.115(48867) COMMIT PREPARED                                                                          
 1444147378      7723    0.00    0.00    0.00    0.00     0      0.00      0.00   91772   6236   0.04     -1.00     -1.00     -1.00      0.00      0.00  sshd: mark [priv] 
 1444147378      7725    0.00    0.00    0.00    0.00     0      0.00      0.00  686312  20320   0.12      0.00      0.00      0.00      0.00      0.00  postgres: mark dbt3 10.0.3.115(48908) COPY                                                                                     

#      Time       PID    %usr %system  %guest    %CPU   CPU  minflt/s  majflt/s     VSZ    RSS   %MEM   kB_rd/s   kB_wr/s kB_ccwr/s   cswch/s nvcswch/s  Command
 1444147438       290    0.02    0.00    0.00    0.02     0      0.00      0.00   82640    592   0.00     -1.00     -1.00     -1.00      0.20      0.02  sendmail: accepting connections
 1444147438       309    0.00    0.00    0.00    0.00     0      0.05      0.00   20036    556   0.00     -1.00     -1.00     -1.00      0.02      0.00  crond 
 1444147438      7582    0.00    0.00    0.00    0.00     2      0.02      0.00  101036   1716   0.01      0.00      0.07      0.00      0.02      0.00  sar -o /tmp/pgxl-perf-example/load/pgxl1/sar_raw.out 60 
 1444147438      7583    0.00    0.00    0.00    0.00     2      2.08      0.00  101024   1784   0.01      0.07      0.13      0.00      0.17      0.03  pidstat -h -l -d -r -u -w 60 
 1444147438      7584    0.00    0.00    0.00    0.00     1      0.55      0.00  101036   1824   0.01      0.40      0.40      0.00      0.68      0.02  sadc 60 -z -S ALL /tmp/pgxl-perf-example/load/pgxl1/sar_raw.out 
 1444147438      7691    0.10    0.22    0.00    0.32     2      0.40      0.00  160432   4484   0.03      0.00      0.07      0.00      0.12      0.00  gtm_proxy -D /tmp/dbt3/pgdata/gtm_proxy.1 -s pgxl -t 6666 -l /tmp/pgxl-perf-example/load/gtm_proxy_1.log 
 1444147438      7711    0.00    0.00    0.00    0.00     1      1.20      0.00  684880  39972   0.24      0.00      0.00      0.00      0.23      0.02  /opt/pgxl/bin/postgres --datanode -D /tmp/dbt3/pgdata/datanode.1.1 -p 15433 -c pooler_port=25433 -c listen_addresses=* -c max_p
 1444147438      7713    0.00    0.00    0.00    0.00     0      0.00      0.00  684880   2960   0.02      0.00      0.00      0.00      0.03      0.00  postgres: pooler process                                                                                                       
 1444147438      7714    0.03    0.35    0.00    0.38     0     45.43      0.00  685668 160960   0.99      0.00   2074.33      0.00     87.82      2.30  postgres: checkpointer process                                                                                                 
 1444147438      7715    0.00    0.02    0.00    0.02     0      8.50      0.00  684880   7140   0.04      0.00      0.00      0.00      4.98      0.03  postgres: writer process                                                                                                       
 1444147438      7716    0.07    0.88    0.00    0.95     0      0.07      0.00  684880  20080   0.12      0.13  11939.07      0.00    129.45      4.27  postgres: wal writer process                                                                                                   
 1444147438      7717    0.00    0.00    0.00    0.00     1      0.88      0.00  685464   6068   0.04      0.00      0.00      0.00      0.68      0.03  postgres: autovacuum launcher process                                                                                          
 1444147438      7718    0.00    0.00    0.00    0.00     0      0.23      0.00  118944   3184   0.02      0.00      1.47      0.20      3.32      0.03  postgres: stats collector process                                                                                              
 1444147438      7721    0.00    0.00    0.00    0.00     0      0.00      0.00  686256  10404   0.06      0.00      0.00      0.00      0.02      0.00  postgres: mark postgres 10.0.3.115(48856) idle                                                                                 
 1444147438      7722    0.03    0.10    0.00    0.13     3     30.58      0.00  687516  27212   0.17      0.00    728.53      0.07      0.83      0.88  postgres: mark dbt3 10.0.3.115(48867) idle                                                                                     
 1444147438      7725    1.42    0.17    0.00    1.58     0    148.50      0.00  695792  64696   0.40      0.00   1345.27      0.20      7.62      5.43  postgres: mark dbt3 10.0.3.115(48908) idle                                                                                     

#      Time       PID    %usr %system  %guest    %CPU   CPU  minflt/s  majflt/s     VSZ    RSS   %MEM   kB_rd/s   kB_wr/s kB_ccwr/s   cswch/s nvcswch/s  Command
 1444147498       290    0.00    0.00    0.00    0.00     1      0.00      0.00   82640    592   0.00     -1.00     -1.00     -1.00      0.20      0.03  sendmail: accepting connections
 1444147498       309    0.00    0.00    0.00    0.00     0      0.05      0.00   20036    556   0.00     -1.00     -1.00     -1.00      0.02      0.00  crond 
 1444147498      7582    0.00    0.00    0.00    0.00     3      0.00      0.00  101036   1716   0.01      0.00      0.07      0.00      0.03      0.00  sar -o /tmp/pgxl-perf-example/load/pgxl1/sar_raw.out 60 
 1444147498      7583    0.00    0.02    0.00    0.02     2      2.07      0.00  101024   1784   0.01      0.13      0.13      0.00      0.17      0.03  pidstat -h -l -d -r -u -w 60 
 1444147498      7584    0.00    0.00    0.00    0.00     3      0.67      0.00  101036   1824   0.01      0.47      0.40      0.00      0.62      0.37  sadc 60 -z -S ALL /tmp/pgxl-perf-example/load/pgxl1/sar_raw.out 
 1444147498      7691    0.05    0.27    0.00    0.32     0      0.00      0.00  160432   4484   0.03      0.00      0.13      0.00      0.12      0.00  gtm_proxy -D /tmp/dbt3/pgdata/gtm_proxy.1 -s pgxl -t 6666 -l /tmp/pgxl-perf-example/load/gtm_proxy_1.log 
 1444147498      7711    0.00    0.00    0.00    0.00     1      1.17      0.00  684880  39972   0.24      0.00      0.00      0.00      0.22      0.00  /opt/pgxl/bin/postgres --datanode -D /tmp/dbt3/pgdata/datanode.1.1 -p 15433 -c pooler_port=25433 -c listen_addresses=* -c max_p
 1444147498      7713    0.00    0.00    0.00    0.00     0      0.00      0.00  684880   2960   0.02      0.00      0.00      0.00      0.03      0.00  postgres: pooler process                                                                                                       
 1444147498      7714    0.03    0.27    0.00    0.30     1      5.42      0.00  685668 181780   1.11      0.00   1869.00      0.00     16.37      0.98  postgres: checkpointer process                                                                                                 
 1444147498      7715    0.00    0.00    0.00    0.00     0      1.58      0.00  684880   7404   0.05      0.00      0.00      0.00      1.93      0.02  postgres: writer process                                                                                                       
 1444147498      7716    0.05    0.65    0.00    0.70     1      0.00      0.00  684880  20080   0.12      0.00   8311.47      0.00     44.47      2.50  postgres: wal writer process                                                                                                   
 1444147498      7717    0.00    0.00    0.00    0.00     2      0.12      0.00  685464   6072   0.04      0.00      0.00      0.00      0.20      0.00  postgres: autovacuum launcher process                                                                                          
 1444147498      7718    0.00    0.02    0.00    0.02     0      0.33      0.00  118944   3184   0.02      0.00      2.27      0.00      4.63      0.02  postgres: stats collector process                                                                                              
 1444147498      7725   14.83    0.53    0.00   15.37     0    183.92      0.00  700020 128096   0.78      0.00   1653.47      0.07      8.78     42.32  postgres: mark dbt3 10.0.3.115(48908) VACUUM                                                                                   

#      Time       PID    %usr %system  %guest    %CPU   CPU  minflt/s  majflt/s     VSZ    RSS   %MEM   kB_rd/s   kB_wr/s kB_ccwr/s   cswch/s nvcswch/s  Command
 1444147558       290    0.00    0.00    0.00    0.00     1      0.00      0.00   82640    592   0.00     -1.00     -1.00     -1.00      0.20      0.03  sendmail: accepting connections
 1444147558       309    0.00    0.00    0.00    0.00     0      0.05      0.00   20036    556   0.00     -1.00     -1.00     -1.00      0.02      0.02  crond 
 1444147558       609    0.00    0.00    0.00    0.00     0      0.00      0.00   93844     56   0.00     -1.00     -1.00     -1.00      0.02      0.00  sshd: mark@pts/4  
 1444147558      7554    0.00    0.00    0.00    0.00     0      0.00      0.00   91772   3472   0.02     -1.00     -1.00     -1.00      0.02      0.00  sshd: mark@notty  
 1444147558      7555    0.00    0.00    0.00    0.00     2      0.00      0.00   91772   3536   0.02     -1.00     -1.00     -1.00      0.02      0.00  sshd: mark@notty  
 1444147558      7582    0.00    0.00    0.00    0.00     0      0.00      0.00  101036   1716   0.01      0.00      0.13      0.00      0.03      0.00  sar -o /tmp/pgxl-perf-example/load/pgxl1/sar_raw.out 60 
 1444147558      7583    0.00    0.00    0.00    0.00     2      2.07      0.00  101024   1784   0.01      0.13      0.13      0.00      0.15      0.03  pidstat -h -l -d -r -u -w 60 
 1444147558      7584    0.00    0.02    0.00    0.02     0      0.72      0.00  101032   1824   0.01      0.53      0.73      0.00      0.68      0.10  sadc 60 -z -S ALL /tmp/pgxl-perf-example/load/pgxl1/sar_raw.out 
 1444147558      7691    0.13    0.20    0.00    0.33     2      0.00      0.00  160432   4484   0.03      0.00      0.07      0.00      0.12      0.00  gtm_proxy -D /tmp/dbt3/pgdata/gtm_proxy.1 -s pgxl -t 6666 -l /tmp/pgxl-perf-example/load/gtm_proxy_1.log 
 1444147558      7711    0.00    0.00    0.00    0.00     2      1.17      0.00  684880  39972   0.24      0.00      0.00      0.00      0.20      0.00  /opt/pgxl/bin/postgres --datanode -D /tmp/dbt3/pgdata/datanode.1.1 -p 15433 -c pooler_port=25433 -c listen_addresses=* -c max_p
 1444147558      7713    0.00    0.00    0.00    0.00     0      0.00      0.00  684880   2960   0.02      0.00      0.00      0.00      0.03      0.00  postgres: pooler process                                                                                                       
 1444147558      7714    0.03    0.27    0.00    0.30     3      4.15      0.00  685668 198596   1.22      0.13    590.53      0.00     52.27      1.25  postgres: checkpointer process                                                                                                 
 1444147558      7715    0.02    0.00    0.00    0.02     3      0.00      0.00  684880   7404   0.05      0.00      0.00      0.00      1.52      0.00  postgres: writer process                                                                                                       
 1444147558      7716    0.10    0.77    0.00    0.87     1      0.00      0.00  684880  20080   0.12      0.00   9673.20      0.00     33.05      4.13  postgres: wal writer process                                                                                                   
 1444147558      7717    0.00    0.00    0.00    0.00     0      1.65      0.00  685464   6076   0.04      0.00      0.00      0.00      1.73      0.07  postgres: autovacuum launcher process                                                                                          
 1444147558      7718    0.00    0.00    0.00    0.00     3      0.23      0.00  118944   3184   0.02      0.00      1.47      0.00      2.57      0.03  postgres: stats collector process                                                                                              
 1444147558      7725    0.93    0.02    0.00    0.95     2      0.87      0.00  700020 128444   0.79      0.00    156.40      0.00      2.23      4.95  postgres: mark dbt3 10.0.3.115(48908) idle                                                                                     

#      Time       PID    %usr %system  %guest    %CPU   CPU  minflt/s  majflt/s     VSZ    RSS   %MEM   kB_rd/s   kB_wr/s kB_ccwr/s   cswch/s nvcswch/s  Command
 1444147618       290    0.00    0.00    0.00    0.00     0      0.00      0.00   82640    592   0.00     -1.00     -1.00     -1.00      0.20      0.05  sendmail: accepting connections
 1444147618       309    0.00    0.00    0.00    0.00     3      0.05      0.00   20036    556   0.00     -1.00     -1.00     -1.00      0.02      0.02  crond 
 1444147618      7582    0.00    0.00    0.00    0.00     3      0.00      0.00  101036   1716   0.01      0.00      0.07      0.00      0.02      0.00  sar -o /tmp/pgxl-perf-example/load/pgxl1/sar_raw.out 60 
 1444147618      7583    0.00    0.00    0.00    0.00     2      2.07      0.00  101024   1784   0.01      0.13      0.13      0.00      0.15      0.00  pidstat -h -l -d -r -u -w 60 
 1444147618      7584    0.00    0.00    0.00    0.00     3      0.50      0.00  101032   1824   0.01      0.40      0.33      0.00      0.58      0.00  sadc 60 -z -S ALL /tmp/pgxl-perf-example/load/pgxl1/sar_raw.out 
 1444147618      7691    0.03    0.33    0.00    0.37     0      0.00      0.00  160432   4484   0.03      0.00      0.07      0.00      0.12      0.00  gtm_proxy -D /tmp/dbt3/pgdata/gtm_proxy.1 -s pgxl -t 6666 -l /tmp/pgxl-perf-example/load/gtm_proxy_1.log 
 1444147618      7711    0.00    0.02    0.00    0.02     2      1.17      0.00  684880  39972   0.24      0.00      0.00      0.00      0.22      0.02  /opt/pgxl/bin/postgres --datanode -D /tmp/dbt3/pgdata/datanode.1.1 -p 15433 -c pooler_port=25433 -c listen_addresses=* -c max_p
 1444147618      7713    0.00    0.00    0.00    0.00     1      0.00      0.00  684880   2960   0.02      0.00      0.00      0.00      0.03      0.00  postgres: pooler process                                                                                                       
 1444147618      7714    0.02    0.38    0.00    0.40     1      2.63      0.00  685668 206972   1.27      0.00    761.87      0.00     42.95      1.82  postgres: checkpointer process                                                                                                 
 1444147618      7715    0.00    0.00    0.00    0.00     0      0.00      0.00  684880   7404   0.05      0.00      0.00      0.00      1.28      0.00  postgres: writer process                                                                                                       
 1444147618      7716    0.05    0.52    0.00    0.57     1      0.00      0.00  684880  20080   0.12      0.00   6656.67      0.00     45.83      1.98  postgres: wal writer process                                                                                                   
 1444147618      7717    0.00    0.00    0.00    0.00     0      0.10      0.00  685464   6076   0.04      0.00      0.00      0.00      0.20      0.02  postgres: autovacuum launcher process                                                                                          
 1444147618      7718    0.00    0.00    0.00    0.00     1      0.20      0.00  118944   3184   0.02      0.00      1.40      0.00      2.18      0.00  postgres: stats collector process                                                                                              

#      Time       PID    %usr %system  %guest    %CPU   CPU  minflt/s  majflt/s     VSZ    RSS   %MEM   kB_rd/s   kB_wr/s kB_ccwr/s   cswch/s nvcswch/s  Command
 1444147678         1    0.00    0.00    0.00    0.00     0      0.00      0.00   19292    524   0.00     -1.00     -1.00     -1.00      0.00      0.00  /sbin/init 
 1444147678       241    0.00    0.00    0.00    0.00     0      0.00      0.00  245104    704   0.00     -1.00     -1.00     -1.00      0.00      0.00  /sbin/rsyslogd -i /var/run/syslogd.pid -c 5 
 1444147678       290    0.00    0.02    0.00    0.02     3      0.00      0.00   82640    592   0.00     -1.00     -1.00     -1.00      0.20      0.05  sendmail: accepting connections
 1444147678       299    0.00    0.00    0.00    0.00     1      0.00      0.00   78236    396   0.00     -1.00     -1.00     -1.00      0.00      0.00  sendmail: Queue runner@01:00:00 for /var/spool/clientmqueue
 1444147678       309    0.00    0.00    0.00    0.00     3      0.05      0.00   20036    556   0.00     -1.00     -1.00     -1.00      0.02      0.02  crond 
 1444147678       610    0.00    0.00    0.00    0.00     3      0.00      0.00  108368   1420   0.01      0.00      0.00      0.00      0.00      0.00  -bash 
 1444147678      7550    0.00    0.00    0.00    0.00     1      0.00      0.00   91772   6108   0.04     -1.00     -1.00     -1.00      0.00      0.00  sshd: mark [priv] 
 1444147678      7551    0.00    0.00    0.00    0.00     1      0.00      0.00   91772   6076   0.04     -1.00     -1.00     -1.00      0.00      0.00  sshd: mark [priv] 
 1444147678      7554    0.00    0.00    0.00    0.00     0      0.00      0.00   91772   3440   0.02     -1.00     -1.00     -1.00      0.00      0.00  sshd: mark@notty  
 1444147678      7555    0.00    0.00    0.00    0.00     2      0.00      0.00   91772   3504   0.02     -1.00     -1.00     -1.00      0.00      0.00  sshd: mark@notty  
 1444147678      7556    0.00    0.00    0.00    0.00     1      0.00      0.00  108232   2564   0.02      0.00      0.00      0.00      0.00      0.00  -bash 
 1444147678      7557    0.00    0.00    0.00    0.00     3      0.00      0.00  108232   2632   0.02      0.00      0.00      0.00      0.00      0.00  -bash 
 1444147678      7582    0.00    0.00    0.00    0.00     3      0.00      0.00  101036   1444   0.01      0.00      0.00      0.00      0.00      0.00  sar -o /tmp/pgxl-perf-example/load/pgxl1/sar_raw.out 60 
 1444147678      7583    0.00    0.00    0.00    0.00     0      2.08      0.00  101024   1572   0.01      0.07      0.13      0.00      0.20      0.08  pidstat -h -l -d -r -u -w 60 
 1444147678      7584    0.00    0.00    0.00    0.00     0      0.03      0.02  101032   1560   0.01      2.40      0.00      0.00      0.25      0.10  sadc 60 -z -S ALL /tmp/pgxl-perf-example/load/pgxl1/sar_raw.out 
 1444147678      7691    0.10    0.23    0.00    0.33     2      0.03      0.00  160432   4484   0.03      0.00      0.07      0.00      0.12      0.00  gtm_proxy -D /tmp/dbt3/pgdata/gtm_proxy.1 -s pgxl -t 6666 -l /tmp/pgxl-perf-example/load/gtm_proxy_1.log 
 1444147678      7711    0.00    0.00    0.00    0.00     0      1.13      0.00  684880  39696   0.24      0.00     47.73      0.00      0.20      0.00  /opt/pgxl/bin/postgres --datanode -D /tmp/dbt3/pgdata/datanode.1.1 -p 15433 -c pooler_port=25433 -c listen_addresses=* -c max_p
 1444147678      7713    0.00    0.00    0.00    0.00     1      0.00      0.00  684880   2960   0.02      0.00      0.00      0.00      0.03      0.00  postgres: pooler process                                                                                                       
 1444147678      7714    0.03    0.08    0.00    0.12     3      0.03      0.00  685668 206972   1.27      0.00    371.60      0.00     25.45      0.52  postgres: checkpointer process                                                                                                 
 1444147678      7715    0.00    0.00    0.00    0.00     1      0.00      0.00  684880   7404   0.05      0.00      0.00      0.00      1.18      0.00  postgres: writer process                                                                                                       
 1444147678      7716    0.03    0.48    0.00    0.52     0      0.00      0.00  684880  20080   0.12      0.00   6058.53      0.00     42.47      2.85  postgres: wal writer process                                                                                                   
 1444147678      7717    0.00    0.00    0.00    0.00     0      0.10      0.00  685464   6076   0.04      0.00      0.00      0.00      0.20      0.02  postgres: autovacuum launcher process                                                                                          
 1444147678      7718    0.00    0.02    0.00    0.02     3      0.20      0.00  118944   3184   0.02      0.00      1.40      0.00      4.77      0.00  postgres: stats collector process                                                                                              
 1444147678      7722    0.00    0.00    0.00    0.00     3      0.00      0.00  687516  27188   0.17      0.00      0.00      0.00      0.00      0.00  postgres: mark dbt3 10.0.3.115(48867) idle                                                                                     
 1444147678      7723    0.00    0.00    0.00    0.00     0      0.00      0.00   91772   6204   0.04     -1.00     -1.00     -1.00      0.00      0.00  sshd: mark [priv] 
 1444147678      7725    0.00    0.00    0.00    0.00     2      0.00      0.00  700020 128420   0.79      0.00      0.00      0.00      0.00      0.00  postgres: mark dbt3 10.0.3.115(48908) idle                                                                                     

#      Time       PID    %usr %system  %guest    %CPU   CPU  minflt/s  majflt/s     VSZ    RSS   %MEM   kB_rd/s   kB_wr/s kB_ccwr/s   cswch/s nvcswch/s  Command
 1444147738       290    0.00    0.00    0.00    0.00     1      0.00      0.00   82640    592   0.00     -1.00     -1.00     -1.00      0.20      0.13  sendmail: accepting connections
 1444147738       309    0.00    0.00    0.00    0.00     3      0.05      0.00   20036    556   0.00     -1.00     -1.00     -1.00      0.03      0.02  crond 
 1444147738      7582    0.00    0.00    0.00    0.00     3      0.02      0.00  101036   1444   0.01      0.07      0.07      0.00      0.03      0.00  sar -o /tmp/pgxl-perf-example/load/pgxl1/sar_raw.out 60 
 1444147738      7583    0.02    0.00    0.00    0.02     1      2.07      0.00  101024   1572   0.01      2.47      0.13      0.00      0.18      0.60  pidstat -h -l -d -r -u -w 60 
 1444147738      7584    0.00    0.00    0.00    0.00     0      0.57      0.00  101032   1560   0.01      0.47      0.40      0.00      0.62      0.22  sadc 60 -z -S ALL /tmp/pgxl-perf-example/load/pgxl1/sar_raw.out 
 1444147738      7691    0.08    0.30    0.00    0.38     2      0.00      0.00  160432   4484   0.03      0.07      0.07      0.00      0.10      0.00  gtm_proxy -D /tmp/dbt3/pgdata/gtm_proxy.1 -s pgxl -t 6666 -l /tmp/pgxl-perf-example/load/gtm_proxy_1.log 
 1444147738      7711    0.00    0.00    0.00    0.00     0      1.13      0.00  684880  39696   0.24      2.27      0.00      0.00      0.20      0.00  /opt/pgxl/bin/postgres --datanode -D /tmp/dbt3/pgdata/datanode.1.1 -p 15433 -c pooler_port=25433 -c listen_addresses=* -c max_p
 1444147738      7713    0.00    0.00    0.00    0.00     1      0.00      0.00  684880   2960   0.02      0.00      0.00      0.00      0.03      0.00  postgres: pooler process                                                                                                       
 1444147738      7714    0.05    0.12    0.00    0.17     3      1.22      0.00  685668 211148   1.29      0.60    346.53      0.00     31.07      0.70  postgres: checkpointer process                                                                                                 
 1444147738      7715    0.00    0.00    0.00    0.00     1      0.00      0.00  684880   7404   0.05      0.00      0.00      0.00      1.45      0.00  postgres: writer process                                                                                                       
 1444147738      7716    0.03    0.73    0.00    0.77     0      0.00      0.00  684880  20080   0.12      3.73   8670.13      0.00     71.87      2.37  postgres: wal writer process                                                                                                   
 1444147738      7717    0.00    0.00    0.00    0.00     1      0.83      0.00  685464   6076   0.04      0.00      0.00      0.00      0.93      0.13  postgres: autovacuum launcher process                                                                                          
 1444147738      7718    0.00    0.00    0.00    0.00     3      0.20      0.00  118944   3184   0.02      0.00      1.40      0.00      2.43      0.03  postgres: stats collector process                                                                                              

#      Time       PID    %usr %system  %guest    %CPU   CPU  minflt/s  majflt/s     VSZ    RSS   %MEM   kB_rd/s   kB_wr/s kB_ccwr/s   cswch/s nvcswch/s  Command
 1444147798       290    0.00    0.00    0.00    0.00     1      0.00      0.00   82640    592   0.00     -1.00     -1.00     -1.00      0.20      0.07  sendmail: accepting connections
 1444147798       309    0.00    0.00    0.00    0.00     3      0.05      0.00   20036    556   0.00     -1.00     -1.00     -1.00      0.02      0.00  crond 
 1444147798       609    0.00    0.00    0.00    0.00     0      0.00      0.00   93844     56   0.00     -1.00     -1.00     -1.00      0.02      0.02  sshd: mark@pts/4  
 1444147798      7554    0.00    0.00    0.00    0.00     0      0.00      0.00   91772   3440   0.02     -1.00     -1.00     -1.00      0.02      0.00  sshd: mark@notty  
 1444147798      7555    0.00    0.00    0.00    0.00     0      0.02      0.00   91772   3504   0.02     -1.00     -1.00     -1.00      0.02      0.00  sshd: mark@notty  
 1444147798      7582    0.00    0.00    0.00    0.00     1      0.00      0.00  101036   1444   0.01      0.00      0.07      0.00      0.02      0.00  sar -o /tmp/pgxl-perf-example/load/pgxl1/sar_raw.out 60 
 1444147798      7583    0.00    0.00    0.00    0.00     3      2.07      0.00  101024   1572   0.01      0.13      0.13      0.00      0.20      0.77  pidstat -h -l -d -r -u -w 60 
 1444147798      7584    0.00    0.00    0.00    0.00     1      0.52      0.00  101036   1560   0.01      0.53      0.40      0.00      0.65      0.12  sadc 60 -z -S ALL /tmp/pgxl-perf-example/load/pgxl1/sar_raw.out 
 1444147798      7691    0.08    0.27    0.00    0.35     1      0.00      0.00  160432   4484   0.03      0.00      0.07      0.00      0.12      0.00  gtm_proxy -D /tmp/dbt3/pgdata/gtm_proxy.1 -s pgxl -t 6666 -l /tmp/pgxl-perf-example/load/gtm_proxy_1.log 
 1444147798      7711    0.00    0.00    0.00    0.00     3      1.13      0.00  684880  39696   0.24      0.00      0.00      0.00      0.18      0.00  /opt/pgxl/bin/postgres --datanode -D /tmp/dbt3/pgdata/datanode.1.1 -p 15433 -c pooler_port=25433 -c listen_addresses=* -c max_p
 1444147798      7713    0.00    0.00    0.00    0.00     1      0.00      0.00  684880   2960   0.02      0.00      0.00      0.00      0.03      0.00  postgres: pooler process                                                                                                       
 1444147798      7714    0.03    0.20    0.00    0.23     1      0.10      0.00  685668 215272   1.32      0.60     40.87      0.00     72.43      0.87  postgres: checkpointer process                                                                                                 
 1444147798      7715    0.00    0.00    0.00    0.00     1      0.00      0.00  684880   7404   0.05      0.00      0.00      0.00      1.78      0.02  postgres: writer process                                                                                                       
 1444147798      7716    0.12    1.05    0.00    1.17     0      0.00      0.00  684880  20080   0.12      0.00  13178.93      0.00    141.30      4.38  postgres: wal writer process                                                                                                   
 1444147798      7717    0.00    0.00    0.00    0.00     3      0.10      0.00  685464   6076   0.04      0.00      0.00      0.00      0.20      0.00  postgres: autovacuum launcher process                                                                                          
 1444147798      7718    0.00    0.02    0.00    0.02     1      0.17      0.00  118944   3184   0.02      0.00      1.07      0.00      1.62      0.00  postgres: stats collector process                                                                                              

#      Time       PID    %usr %system  %guest    %CPU   CPU  minflt/s  majflt/s     VSZ    RSS   %MEM   kB_rd/s   kB_wr/s kB_ccwr/s   cswch/s nvcswch/s  Command
 1444147858       241    0.00    0.00    0.00    0.00     0      0.02      0.00  245104    704   0.00     -1.00     -1.00     -1.00      0.00      0.00  /sbin/rsyslogd -i /var/run/syslogd.pid -c 5 
 1444147858       290    0.00    0.00    0.00    0.00     1      0.00      0.00   82640    592   0.00     -1.00     -1.00     -1.00      0.21      0.07  sendmail: accepting connections
 1444147858       309    0.00    0.00    0.00    0.00     3      0.19      0.00   20036    556   0.00     -1.00     -1.00     -1.00      0.03      0.02  crond 
 1444147858      7582    0.00    0.00    0.00    0.00     1      0.00      0.00  101036   1444   0.01      0.00      0.07      0.00      0.02      0.00  sar -o /tmp/pgxl-perf-example/load/pgxl1/sar_raw.out 60 
 1444147858      7583    0.00    0.00    0.00    0.00     1      2.14      0.00  101024   1572   0.01      0.21      0.14      0.00      0.21      0.34  pidstat -h -l -d -r -u -w 60 
 1444147858      7584    0.00    0.00    0.00    0.00     1      0.45      0.00  101036   1560   0.01      0.28      0.34      0.00      0.41      0.02  sadc 60 -z -S ALL /tmp/pgxl-perf-example/load/pgxl1/sar_raw.out 
 1444147858      7691    0.05    0.28    0.00    0.33     2      0.00      0.00  160432   4484   0.03      0.00      0.07      0.00      0.12      0.00  gtm_proxy -D /tmp/dbt3/pgdata/gtm_proxy.1 -s pgxl -t 6666 -l /tmp/pgxl-perf-example/load/gtm_proxy_1.log 
 1444147858      7711    0.00    0.00    0.00    0.00     2      1.21      0.00  684880  39696   0.24      0.00      0.00      0.00      0.22      0.00  /opt/pgxl/bin/postgres --datanode -D /tmp/dbt3/pgdata/datanode.1.1 -p 15433 -c pooler_port=25433 -c listen_addresses=* -c max_p
 1444147858      7713    0.00    0.00    0.00    0.00     1      0.00      0.00  684880   2960   0.02      0.00      0.00      0.00      0.03      0.00  postgres: pooler process                                                                                                       
 1444147858      7714    0.03    0.19    0.00    0.22     1      0.10      0.00  685668 215272   1.32      0.21    109.17      0.00     64.28      0.72  postgres: checkpointer process                                                                                                 
 1444147858      7715    0.00    0.02    0.00    0.02     3      0.00      0.00  684880   7404   0.05      0.00      0.00      0.00      1.86      0.03  postgres: writer process                                                                                                       
 1444147858      7716    0.10    1.28    0.00    1.38     0      0.00      0.00  684880  20080   0.12      0.00  15156.14      0.00    149.21      4.24  postgres: wal writer process                                                                                                   
 1444147858      7717    0.00    0.02    0.00    0.02     3      0.10      0.00  685464   6076   0.04      0.00      0.00      0.00      0.21      0.03  postgres: autovacuum launcher process                                                                                          
 1444147858      7718    0.00    0.00    0.00    0.00     1      0.17      0.00  118944   3184   0.02      0.00      1.10      0.00      2.36      0.02  postgres: stats collector process                                                                                              

#      Time       PID    %usr %system  %guest    %CPU   CPU  minflt/s  majflt/s     VSZ    RSS   %MEM   kB_rd/s   kB_wr/s kB_ccwr/s   cswch/s nvcswch/s  Command
 1444147918         1    0.00    0.00    0.00    0.00     0      0.00      0.00   19292    376   0.00     -1.00     -1.00     -1.00      0.00      0.00  /sbin/init 
 1444147918       241    0.00    0.00    0.00    0.00     0      0.00      0.00  245104    436   0.00     -1.00     -1.00     -1.00      0.00      0.00  /sbin/rsyslogd -i /var/run/syslogd.pid -c 5 
 1444147918       271    0.00    0.00    0.00    0.00     3      0.00      0.00   66276    608   0.00     -1.00     -1.00     -1.00      0.00      0.00  /usr/sbin/sshd 
 1444147918       290    0.00    0.00    0.00    0.00     1      0.00      0.00   82640    572   0.00     -1.00     -1.00     -1.00      0.19      0.10  sendmail: accepting connections
 1444147918       309    0.00    0.00    0.00    0.00     3      0.11      0.00   20036    532   0.00     -1.00     -1.00     -1.00      0.02      0.02  crond 
 1444147918       610    0.00    0.00    0.00    0.00     3      0.00      0.00  108368    728   0.00      0.00      0.00      0.00      0.00      0.00  -bash 
 1444147918      7550    0.00    0.00    0.00    0.00     1      0.00      0.00   91772   4008   0.02     -1.00     -1.00     -1.00      0.00      0.00  sshd: mark [priv] 
 1444147918      7551    0.00    0.00    0.00    0.00     1      0.00      0.00   91772   4076   0.02     -1.00     -1.00     -1.00      0.00      0.00  sshd: mark [priv] 
 1444147918      7554    0.00    0.00    0.00    0.00     0      0.00      0.00   91772   2832   0.02     -1.00     -1.00     -1.00      0.00      0.00  sshd: mark@notty  
 1444147918      7555    0.00    0.00    0.00    0.00     0      0.00      0.00   91772   2896   0.02     -1.00     -1.00     -1.00      0.00      0.00  sshd: mark@notty  
 1444147918      7556    0.00    0.00    0.00    0.00     1      0.00      0.00  108232   1704   0.01      0.00      0.00      0.00      0.00      0.00  -bash 
 1444147918      7557    0.00    0.00    0.00    0.00     3      0.00      0.00  108232   1732   0.01      0.00      0.00      0.00      0.00      0.00  -bash 
 1444147918      7582    0.00    0.00    0.00    0.00     1      0.00      0.00  101036   1384   0.01      0.00      0.13      0.00      0.03      0.00  sar -o /tmp/pgxl-perf-example/load/pgxl1/sar_raw.out 60 
 1444147918      7583    0.00    0.00    0.00    0.00     3      2.00      0.00  101024   1512   0.01      0.19      0.13      0.00      0.16      0.13  pidstat -h -l -d -r -u -w 60 
 1444147918      7584    0.00    0.02    0.00    0.02     3      0.92      0.00  101032   1476   0.01      0.71      0.77      0.00      0.79      0.27  sadc 60 -z -S ALL /tmp/pgxl-perf-example/load/pgxl1/sar_raw.out 
 1444147918      7691    0.10    0.26    0.00    0.35     2      0.00      0.00  160432   4456   0.03      0.00      0.06      0.00      0.11      0.00  gtm_proxy -D /tmp/dbt3/pgdata/gtm_proxy.1 -s pgxl -t 6666 -l /tmp/pgxl-perf-example/load/gtm_proxy_1.log 
 1444147918      7711    0.00    0.00    0.00    0.00     1      1.13      0.00  684880  39528   0.24      0.00      0.00      0.00      0.21      0.00  /opt/pgxl/bin/postgres --datanode -D /tmp/dbt3/pgdata/datanode.1.1 -p 15433 -c pooler_port=25433 -c listen_addresses=* -c max_p
 1444147918      7713    0.00    0.00    0.00    0.00     0      0.00      0.00  684880   2960   0.02      0.00      0.00      0.00      0.03      0.00  postgres: pooler process                                                                                                       
 1444147918      7714    0.06    0.16    0.00    0.23     1      0.10      0.00  685668 215224   1.32      0.45     86.90      0.00     31.24      0.71  postgres: checkpointer process                                                                                                 
 1444147918      7715    0.00    0.00    0.00    0.00     3      0.00      0.00  684880   7404   0.05      0.00      0.00      0.00      1.58      0.02  postgres: writer process                                                                                                       
 1444147918      7716    0.05    1.02    0.00    1.06     3      0.00      0.00  684880  20024   0.12      0.00  11525.03      0.00    108.02      4.44  postgres: wal writer process                                                                                                   
 1444147918      7717    0.00    0.00    0.00    0.00     0      0.10      0.00  685464   6076   0.04      0.00      0.00      0.00      0.19      0.00  postgres: autovacuum launcher process                                                                                          
 1444147918      7718    0.00    0.00    0.00    0.00     3      0.16      0.00  118944   3184   0.02      0.00      1.03      0.00      2.16      0.06  postgres: stats collector process                                                                                              
 1444147918      7722    0.00    0.00    0.00    0.00     3      0.00      0.00  687516  27128   0.17      0.00      0.00      0.00      0.00      0.00  postgres: mark dbt3 10.0.3.115(48867) idle                                                                                     
 1444147918      7723    0.00    0.00    0.00    0.00     0      0.00      0.00   91772   4144   0.03     -1.00     -1.00     -1.00      0.00      0.00  sshd: mark [priv] 
 1444147918      7725    0.00    0.00    0.00    0.00     2      0.00      0.00  700020 128296   0.79      0.00      0.00      0.00      0.00      0.00  postgres: mark dbt3 10.0.3.115(48908) idle                                                                                     

#      Time       PID    %usr %system  %guest    %CPU   CPU  minflt/s  majflt/s     VSZ    RSS   %MEM   kB_rd/s   kB_wr/s kB_ccwr/s   cswch/s nvcswch/s  Command
 1444147978       290    0.00    0.00    0.00    0.00     3      0.00      0.00   82640    572   0.00     -1.00     -1.00     -1.00      0.20      0.00  sendmail: accepting connections
 1444147978       309    0.00    0.00    0.00    0.00     3      0.05      0.00   20036    532   0.00     -1.00     -1.00     -1.00      0.02      0.00  crond 
 1444147978      7583    0.00    0.02    0.00    0.02     0      2.07      0.00  101024   1512   0.01      0.13      0.13      0.00      0.20      0.00  pidstat -h -l -d -r -u -w 60 
 1444147978      7584    0.00    0.00    0.00    0.00     0      0.05      0.00  101036   1476   0.01      0.13      0.00      0.00      0.25      0.00  sadc 60 -z -S ALL /tmp/pgxl-perf-example/load/pgxl1/sar_raw.out 
 1444147978      7691    0.12    0.22    0.00    0.33     3      0.03      0.00  160432   4456   0.03      0.00      0.13      0.00      0.12      0.00  gtm_proxy -D /tmp/dbt3/pgdata/gtm_proxy.1 -s pgxl -t 6666 -l /tmp/pgxl-perf-example/load/gtm_proxy_1.log 
 1444147978      7711    0.00    0.00    0.00    0.00     3      1.17      0.00  684880  39528   0.24      0.00    121.93      0.07      0.23      0.00  /opt/pgxl/bin/postgres --datanode -D /tmp/dbt3/pgdata/datanode.1.1 -p 15433 -c pooler_port=25433 -c listen_addresses=* -c max_p
 1444147978      7713    0.00    0.00    0.00    0.00     0      0.00      0.00  684880   2960   0.02      0.00      0.00      0.00      0.05      0.00  postgres: pooler process                                                                                                       
 1444147978      7714    0.03    0.02    0.00    0.05     3      0.00      0.00  685668 215224   1.32      0.00      0.00      0.00      0.22      0.03  postgres: checkpointer process                                                                                                 
 1444147978      7715    0.00    0.00    0.00    0.00     3      0.00      0.00  684880   7404   0.05      0.00      0.00      0.00      0.20      0.00  postgres: writer process                                                                                                       
 1444147978      7716    0.00    0.00    0.00    0.00     3      0.00      0.00  684880  20024   0.12      0.00      0.00      0.00      0.67      0.00  postgres: wal writer process                                                                                                   
 1444147978      7717    0.00    0.00    0.00    0.00     0      0.13      0.00  685464   6076   0.04      0.00      0.00      0.00      0.23      0.03  postgres: autovacuum launcher process                                                                                          
 1444147978      7718    0.00    0.02    0.00    0.02     3      0.20      0.00  118944   3184   0.02      1.53      1.40      0.00      1.18      0.00  postgres: stats collector process                                                                                              
 1444147978      7726   27.63    1.63    0.00   29.27     0    782.50      0.00  714828 162512   0.99      0.00   9575.27      0.33     61.98    112.37  postgres: mark dbt3 10.0.3.115(48917) idle                                                                                     

#      Time       PID    %usr %system  %guest    %CPU   CPU  minflt/s  majflt/s     VSZ    RSS   %MEM   kB_rd/s   kB_wr/s kB_ccwr/s   cswch/s nvcswch/s  Command
 1444148038       241    0.00    0.00    0.00    0.00     0      0.00      0.00  245104    240   0.00     -1.00     -1.00     -1.00      0.00      0.00  /sbin/rsyslogd -i /var/run/syslogd.pid -c 5 
 1444148038       271    0.00    0.00    0.00    0.00     3      0.00      0.00   66276    584   0.00     -1.00     -1.00     -1.00      0.00      0.00  /usr/sbin/sshd 
 1444148038       290    0.00    0.00    0.00    0.00     2      0.00      0.00   82640    572   0.00     -1.00     -1.00     -1.00      0.20      0.03  sendmail: accepting connections
 1444148038       309    0.00    0.00    0.00    0.00     3      0.05      0.00   20036    516   0.00     -1.00     -1.00     -1.00      0.02      0.00  crond 
 1444148038       609    0.00    0.00    0.00    0.00     3      0.02      0.02   93844    680   0.00     -1.00     -1.00     -1.00      0.03      0.00  sshd: mark@pts/4  
 1444148038       610    0.00    0.00    0.00    0.00     3      0.00      0.00  108368    724   0.00      0.00      0.00      0.00      0.00      0.00  -bash 
 1444148038      7550    0.00    0.00    0.00    0.00     1      0.00      0.00   91772   3024   0.02     -1.00     -1.00     -1.00      0.00      0.00  sshd: mark [priv] 
 1444148038      7551    0.00    0.00    0.00    0.00     1      0.00      0.00   91772   3032   0.02     -1.00     -1.00     -1.00      0.00      0.00  sshd: mark [priv] 
 1444148038      7554    0.00    0.00    0.00    0.00     3      0.03      0.03   91772   2360   0.01     -1.00     -1.00     -1.00      0.05      0.02  sshd: mark@notty  
 1444148038      7555    0.00    0.00    0.00    0.00     1      0.07      0.00   91772   2412   0.01     -1.00     -1.00     -1.00      0.05      0.00  sshd: mark@notty  
 1444148038      7557    0.00    0.00    0.00    0.00     3      0.00      0.00  108232   1692   0.01      0.00      0.00      0.00      0.00      0.00  -bash 
 1444148038      7582    0.00    0.00    0.00    0.00     0      0.00      0.00  101036   1348   0.01      0.00      0.07      0.00      0.02      0.02  sar -o /tmp/pgxl-perf-example/load/pgxl1/sar_raw.out 60 
 1444148038      7583    0.00    0.00    0.00    0.00     3      2.07      0.02  101024   1536   0.01      0.40      0.13      0.00      0.22      0.02  pidstat -h -l -d -r -u -w 60 
 1444148038      7584    0.00    0.00    0.00    0.00     1      0.50      0.02  101036   1536   0.01      2.27      0.33      0.00      0.68      0.13  sadc 60 -z -S ALL /tmp/pgxl-perf-example/load/pgxl1/sar_raw.out 
 1444148038      7691    0.10    0.22    0.00    0.32     2      0.00      0.00  160432   4416   0.03      0.00      0.13      0.00      0.12      0.00  gtm_proxy -D /tmp/dbt3/pgdata/gtm_proxy.1 -s pgxl -t 6666 -l /tmp/pgxl-perf-example/load/gtm_proxy_1.log 
 1444148038      7711    0.00    0.00    0.00    0.00     0      1.17      0.00  684880  39512   0.24      0.13   2924.80      2.13      0.27      0.02  /opt/pgxl/bin/postgres --datanode -D /tmp/dbt3/pgdata/datanode.1.1 -p 15433 -c pooler_port=25433 -c listen_addresses=* -c max_p
 1444148038      7713    0.00    0.00    0.00    0.00     0      0.00      0.00  684880   2960   0.02      0.00      0.00      0.00      0.03      0.00  postgres: pooler process                                                                                                       
 1444148038      7714    0.00    0.00    0.00    0.00     3      0.00      0.00  685668 215212   1.32      0.00      0.00      0.00      0.00      0.00  postgres: checkpointer process                                                                                                 
 1444148038      7715    0.00    0.00    0.00    0.00     0      0.00      0.00  684880   7404   0.05      0.00      0.00      0.00      0.30      0.00  postgres: writer process                                                                                                       
 1444148038      7716    0.00    0.00    0.00    0.00     0      0.00      0.00  684880  20020   0.12      0.00      0.27      0.00      1.05      0.00  postgres: wal writer process                                                                                                   
 1444148038      7717    0.00    0.00    0.00    0.00     0      0.10      0.00  685464   6076   0.04      0.00      0.00      0.00      0.20      0.00  postgres: autovacuum launcher process                                                                                          
 1444148038      7718    0.00    0.00    0.00    0.00     1      0.20      0.00  118944   3184   0.02      0.00      1.40      0.00      0.85      0.02  postgres: stats collector process                                                                                              
 1444148038      7723    0.00    0.00    0.00    0.00     0      0.00      0.00   91772   3048   0.02     -1.00     -1.00     -1.00      0.00      0.00  sshd: mark [priv] 
 1444148038      7725    0.00    0.00    0.00    0.00     2      0.00      0.00  700020 128292   0.79      0.00      0.00      0.00      0.00      0.00  postgres: mark dbt3 10.0.3.115(48908) idle                                                                                     
 1444148038      7726    0.00    0.00    0.00    0.00     0      0.00      0.00  714828 162508   0.99      0.00      0.00      0.00      0.00      0.00  postgres: mark dbt3 10.0.3.115(48917) idle                                                                                     
 1444148038      7731    0.00    0.00    0.00    0.00     1      2.00      0.00   91772   2352   0.01     -1.00     -1.00     -1.00      0.10      0.02  sshd: mark@notty  

#      Time       PID    %usr %system  %guest    %CPU   CPU  minflt/s  majflt/s     VSZ    RSS   %MEM   kB_rd/s   kB_wr/s kB_ccwr/s   cswch/s nvcswch/s  Command
 1444148098       241    0.00    0.00    0.00    0.00     0      0.00      0.00  245104    236   0.00     -1.00     -1.00     -1.00      0.00      0.00  /sbin/rsyslogd -i /var/run/syslogd.pid -c 5 
 1444148098       271    0.00    0.00    0.00    0.00     3      0.00      0.00   66276    540   0.00     -1.00     -1.00     -1.00      0.00      0.00  /usr/sbin/sshd 
 1444148098       290    0.00    0.00    0.00    0.00     2      0.00      0.00   82640    572   0.00     -1.00     -1.00     -1.00      0.20      0.07  sendmail: accepting connections
 1444148098       309    0.00    0.00    0.00    0.00     3      0.05      0.00   20036    516   0.00     -1.00     -1.00     -1.00      0.02      0.02  crond 
 1444148098       609    0.00    0.00    0.00    0.00     3      0.00      0.00   93844    656   0.00     -1.00     -1.00     -1.00      0.00      0.00  sshd: mark@pts/4  
 1444148098       610    0.00    0.00    0.00    0.00     3      0.00      0.00  108368    636   0.00      0.00      0.00      0.00      0.00      0.00  -bash 
 1444148098      7550    0.00    0.00    0.00    0.00     1      0.00      0.00   91772   2192   0.01     -1.00     -1.00     -1.00      0.00      0.00  sshd: mark [priv] 
 1444148098      7551    0.00    0.00    0.00    0.00     1      0.00      0.00   91772   2200   0.01     -1.00     -1.00     -1.00      0.00      0.00  sshd: mark [priv] 
 1444148098      7554    0.00    0.00    0.00    0.00     3      0.00      0.00   91772   1580   0.01     -1.00     -1.00     -1.00      0.00      0.00  sshd: mark@notty  
 1444148098      7555    0.00    0.00    0.00    0.00     1      0.00      0.00   91772   1576   0.01     -1.00     -1.00     -1.00      0.00      0.00  sshd: mark@notty  
 1444148098      7556    0.00    0.00    0.00    0.00     1      0.00      0.00  108232   1500   0.01      0.00      0.00      0.00      0.00      0.00  -bash 
 1444148098      7557    0.00    0.00    0.00    0.00     3      0.00      0.00  108232   1576   0.01      0.00      0.00      0.00      0.00      0.00  -bash 
 1444148098      7582    0.00    0.00    0.00    0.00     0      0.02      0.00  101036   1308   0.01      0.00      0.07      0.00      0.02      0.00  sar -o /tmp/pgxl-perf-example/load/pgxl1/sar_raw.out 60 
 1444148098      7583    0.00    0.00    0.00    0.00     0      2.07      0.00  101024   1484   0.01      0.00      0.20      0.00      0.20      0.02  pidstat -h -l -d -r -u -w 60 
 1444148098      7584    0.00    0.00    0.00    0.00     0      0.48      0.02  101032   1496   0.01      1.60      0.40      0.00      0.52      0.03  sadc 60 -z -S ALL /tmp/pgxl-perf-example/load/pgxl1/sar_raw.out 
 1444148098      7691    0.05    0.23    0.00    0.28     1      0.00      0.07  160432   1876   0.01      0.53      0.13      0.00      0.17      0.00  gtm_proxy -D /tmp/dbt3/pgdata/gtm_proxy.1 -s pgxl -t 6666 -l /tmp/pgxl-perf-example/load/gtm_proxy_1.log 
 1444148098      7711    0.00    0.02    0.00    0.02     0      1.17      0.00  684880  39148   0.24     11.47   9294.00      0.27      0.23      0.02  /opt/pgxl/bin/postgres --datanode -D /tmp/dbt3/pgdata/datanode.1.1 -p 15433 -c pooler_port=25433 -c listen_addresses=* -c max_p
 1444148098      7713    0.00    0.00    0.00    0.00     0      0.00      0.00  684880   2628   0.02      0.00      0.00      0.00      0.03      0.00  postgres: pooler process                                                                                                       
 1444148098      7714    0.00    0.00    0.00    0.00     3      0.00      0.00  685668 214824   1.31      0.00      0.00      0.00      0.00      0.00  postgres: checkpointer process                                                                                                 
 1444148098      7715    0.00    0.02    0.00    0.02     0      0.00      0.00  684880   7120   0.04      0.00      0.00      0.00      3.78      0.03  postgres: writer process                                                                                                       
 1444148098      7716    0.00    0.00    0.00    0.00     0      0.00      0.00  684880  19708   0.12      0.00      0.67      0.00      1.03      0.02  postgres: wal writer process                                                                                                   
 1444148098      7717    0.00    0.00    0.00    0.00     1      0.12      0.00  685464   5612   0.03      0.00      0.00      0.00      0.20      0.03  postgres: autovacuum launcher process                                                                                          
 1444148098      7718    0.00    0.00    0.00    0.00     2      0.20      0.00  118944   2956   0.02      1.67      1.40      0.00      3.40      0.00  postgres: stats collector process                                                                                              
 1444148098      7723    0.00    0.00    0.00    0.00     0      0.00      0.00   91772   2204   0.01     -1.00     -1.00     -1.00      0.00      0.00  sshd: mark [priv] 
 1444148098      7725   28.92    2.88    0.00   31.80     0   1892.47      0.00 1231948 659920   4.04      6.33   4335.07      0.00      4.87    127.27  postgres: mark dbt3 10.0.3.115(48908) CREATE INDEX                                                                             
 1444148098      7726   23.43    4.08    0.00   27.52     2   1639.52      0.00 1136744 609640   3.73  27863.07    602.47      0.00    119.12    108.82  postgres: mark dbt3 10.0.3.115(48917) CREATE INDEX                                                                             
 1444148098      7731    0.00    0.00    0.00    0.00     1      0.03      0.02   91772   1616   0.01     -1.00     -1.00     -1.00      0.03      0.00  sshd: mark@notty  

#      Time       PID    %usr %system  %guest    %CPU   CPU  minflt/s  majflt/s     VSZ    RSS   %MEM   kB_rd/s   kB_wr/s kB_ccwr/s   cswch/s nvcswch/s  Command
 1444148158         1    0.00    0.00    0.00    0.00     0      0.00      0.00   19292    308   0.00     -1.00     -1.00     -1.00      0.00      0.00  /sbin/init 
 1444148158       241    0.00    0.00    0.00    0.00     0      0.00      0.00  245104    220   0.00     -1.00     -1.00     -1.00      0.00      0.00  /sbin/rsyslogd -i /var/run/syslogd.pid -c 5 
 1444148158       271    0.00    0.00    0.00    0.00     3      0.00      0.00   66276    496   0.00     -1.00     -1.00     -1.00      0.00      0.00  /usr/sbin/sshd 
 1444148158       290    0.00    0.00    0.00    0.00     2      0.00      0.00   82640    572   0.00     -1.00     -1.00     -1.00      0.20      0.08  sendmail: accepting connections
 1444148158       309    0.00    0.00    0.00    0.00     3      0.05      0.00   20036    516   0.00     -1.00     -1.00     -1.00      0.05      0.02  crond 
 1444148158       609    0.00    0.00    0.00    0.00     3      0.00      0.00   93844    652   0.00     -1.00     -1.00     -1.00      0.00      0.00  sshd: mark@pts/4  
 1444148158       610    0.00    0.00    0.00    0.00     3      0.00      0.00  108368    500   0.00      0.00      0.00      0.00      0.00      0.00  -bash 
 1444148158      7550    0.00    0.00    0.00    0.00     1      0.00      0.00   91772   2156   0.01     -1.00     -1.00     -1.00      0.00      0.00  sshd: mark [priv] 
 1444148158      7551    0.00    0.00    0.00    0.00     1      0.00      0.00   91772   2176   0.01     -1.00     -1.00     -1.00      0.00      0.00  sshd: mark [priv] 
 1444148158      7554    0.00    0.00    0.00    0.00     3      0.00      0.00   91772   1496   0.01     -1.00     -1.00     -1.00      0.00      0.00  sshd: mark@notty  
 1444148158      7555    0.00    0.00    0.00    0.00     1      0.00      0.00   91772   1544   0.01     -1.00     -1.00     -1.00      0.00      0.00  sshd: mark@notty  
 1444148158      7556    0.00    0.00    0.00    0.00     1      0.00      0.00  108232   1412   0.01      0.00      0.00      0.00      0.00      0.00  -bash 
 1444148158      7557    0.00    0.00    0.00    0.00     3      0.00      0.00  108232   1396   0.01      0.00      0.00      0.00      0.00      0.00  -bash 
 1444148158      7582    0.00    0.00    0.00    0.00     0      0.02      0.00  101036   1228   0.01      0.07      0.07      0.00      0.03      0.02  sar -o /tmp/pgxl-perf-example/load/pgxl1/sar_raw.out 60 
 1444148158      7583    0.00    0.02    0.00    0.02     2      2.05      0.00  101024   1428   0.01      0.27      0.13      0.00      0.25      0.08  pidstat -h -l -d -r -u -w 60 
 1444148158      7584    0.00    0.00    0.00    0.00     2      0.52      0.00  101036   1468   0.01      0.73      0.40      0.00      0.67      0.07  sadc 60 -z -S ALL /tmp/pgxl-perf-example/load/pgxl1/sar_raw.out 
 1444148158      7691    0.05    0.23    0.00    0.28     1      0.00      0.00  160432   1876   0.01      0.00      0.13      0.00      0.12      0.00  gtm_proxy -D /tmp/dbt3/pgdata/gtm_proxy.1 -s pgxl -t 6666 -l /tmp/pgxl-perf-example/load/gtm_proxy_1.log 
 1444148158      7711    0.00    0.00    0.00    0.00     1      1.17      0.00  684880  38648   0.24      3.87      0.00      0.00      0.18      0.00  /opt/pgxl/bin/postgres --datanode -D /tmp/dbt3/pgdata/datanode.1.1 -p 15433 -c pooler_port=25433 -c listen_addresses=* -c max_p
 1444148158      7713    0.00    0.00    0.00    0.00     0      0.00      0.00  684880   2628   0.02      0.00      0.00      0.00      0.03      0.00  postgres: pooler process                                                                                                       
 1444148158      7714    0.00    0.00    0.00    0.00     3      0.00      0.00  685668 213324   1.31      0.00      0.00      0.00      0.00      0.00  postgres: checkpointer process                                                                                                 
 1444148158      7715    0.00    0.00    0.00    0.00     0      0.00      0.00  684880   7120   0.04      0.00      0.00      0.00      0.20      0.00  postgres: writer process                                                                                                       
 1444148158      7716    0.00    0.00    0.00    0.00     0      0.00      0.00  684880  19700   0.12      0.00      0.00      0.00      0.22      0.00  postgres: wal writer process                                                                                                   
 1444148158      7717    0.00    0.00    0.00    0.00     2      0.10      0.00  685464   5612   0.03      0.00      0.00      0.00      0.20      0.02  postgres: autovacuum launcher process                                                                                          
 1444148158      7718    0.00    0.00    0.00    0.00     1      0.20      0.00  118944   2956   0.02      0.00      1.40      0.00      0.62      0.02  postgres: stats collector process                                                                                              
 1444148158      7723    0.00    0.00    0.00    0.00     0      0.00      0.00   91772   2180   0.01     -1.00     -1.00     -1.00      0.00      0.00  sshd: mark [priv] 
 1444148158      7725   49.68    3.28    0.00   52.97     0     14.52      0.05 1231948 716684   4.39   5930.93  19291.47      0.00     10.97    143.80  postgres: mark dbt3 10.0.3.115(48908) CREATE INDEX                                                                             
 1444148158      7726    1.60    0.35    0.00    1.95     0      0.00      0.03  686300 187972   1.15      2.60   2708.87      0.07      1.05      7.18  postgres: mark dbt3 10.0.3.115(48917) idle                                                                                     
 1444148158      7731    0.00    0.00    0.00    0.00     1      0.00      0.00   91772   1592   0.01     -1.00     -1.00     -1.00      0.00      0.00  sshd: mark@notty  

#      Time       PID    %usr %system  %guest    %CPU   CPU  minflt/s  majflt/s     VSZ    RSS   %MEM   kB_rd/s   kB_wr/s kB_ccwr/s   cswch/s nvcswch/s  Command
 1444148218       290    0.00    0.00    0.00    0.00     1      0.00      0.00   82640    572   0.00     -1.00     -1.00     -1.00      0.20      0.07  sendmail: accepting connections
 1444148218       309    0.00    0.00    0.00    0.00     3      0.05      0.00   20036    516   0.00     -1.00     -1.00     -1.00      0.02      0.00  crond 
 1444148218      7582    0.00    0.00    0.00    0.00     0      0.00      0.00  101036   1224   0.01      0.00      0.07      0.00      0.02      0.00  sar -o /tmp/pgxl-perf-example/load/pgxl1/sar_raw.out 60 
 1444148218      7583    0.00    0.00    0.00    0.00     0      2.05      0.00  101024   1428   0.01      0.27      0.20      0.00      0.17      0.13  pidstat -h -l -d -r -u -w 60 
 1444148218      7584    0.00    0.00    0.00    0.00     3      0.52      0.00  101036   1412   0.01      0.73      0.33      0.00      0.72      0.18  sadc 60 -z -S ALL /tmp/pgxl-perf-example/load/pgxl1/sar_raw.out 
 1444148218      7691    0.10    0.25    0.00    0.35     0      0.03      0.02  160432   1876   0.01      0.07      0.13      0.00      0.12      0.00  gtm_proxy -D /tmp/dbt3/pgdata/gtm_proxy.1 -s pgxl -t 6666 -l /tmp/pgxl-perf-example/load/gtm_proxy_1.log 
 1444148218      7711    0.00    0.00    0.00    0.00     1      1.17      0.00  684880  38648   0.24      2.20      0.00      0.00      0.23      0.02  /opt/pgxl/bin/postgres --datanode -D /tmp/dbt3/pgdata/datanode.1.1 -p 15433 -c pooler_port=25433 -c listen_addresses=* -c max_p
 1444148218      7713    0.00    0.00    0.00    0.00     2      0.00      0.00  684880   2628   0.02      0.00      0.00      0.00      0.03      0.00  postgres: pooler process                                                                                                       
 1444148218      7714    0.05    0.03    0.00    0.08     0      0.05      0.07  685668 213324   1.31      6.20     84.33      0.00      3.87      0.40  postgres: checkpointer process                                                                                                 
 1444148218      7715    0.00    0.00    0.00    0.00     0      0.00      0.00  684880   7120   0.04      0.00      0.00      0.00      0.47      0.00  postgres: writer process                                                                                                       
 1444148218      7716    0.00    0.03    0.00    0.03     1      0.02      0.00  684880  19700   0.12      0.07    264.00      0.00      3.02      0.20  postgres: wal writer process                                                                                                   
 1444148218      7717    0.00    0.00    0.00    0.00     2      0.10      0.00  685464   5612   0.03      0.00      0.00      0.00      0.20      0.00  postgres: autovacuum launcher process                                                                                          
 1444148218      7718    0.00    0.02    0.00    0.02     2      0.23      0.00  118944   2956   0.02      0.00      1.73      0.00      4.85      0.02  postgres: stats collector process                                                                                              
 1444148218      7725    2.38    0.87    0.00    3.25     2      0.07      0.10  695712 183772   1.12   2980.07   5466.73      0.07     84.40      8.98  postgres: mark dbt3 10.0.3.115(48908) idle                                                                                     
