Linux 3.16.0-38-generic (pgxl1) 	10/06/2015 	_x86_64_	(4 CPU)

#      Time       PID    %usr %system  %guest    %CPU   CPU  minflt/s  majflt/s     VSZ    RSS   %MEM   kB_rd/s   kB_wr/s kB_ccwr/s   cswch/s nvcswch/s  Command
 1444148321         1    0.00    0.00    0.00    0.00     0      0.00      0.00   19292    508   0.00     -1.00     -1.00     -1.00      0.00      0.00  /sbin/init 
 1444148321       241    0.00    0.00    0.00    0.00     0      0.00      0.00  245104    728   0.00     -1.00     -1.00     -1.00      0.00      0.00  /sbin/rsyslogd -i /var/run/syslogd.pid -c 5 
 1444148321       271    0.00    0.00    0.00    0.00     3      0.00      0.00   66276    620   0.00     -1.00     -1.00     -1.00      0.00      0.00  /usr/sbin/sshd 
 1444148321       290    0.00    0.00    0.00    0.00     3      0.00      0.00   82640    572   0.00     -1.00     -1.00     -1.00      0.00      0.00  sendmail: accepting connections
 1444148321       309    0.00    0.00    0.00    0.00     0      0.00      0.00   20036    540   0.00     -1.00     -1.00     -1.00      0.00      0.00  crond 
 1444148321      8341    0.00    0.00    0.00    0.00     0      0.00      0.00  160284   4468   0.03      0.00      0.00      0.00      0.00      0.00  gtm_proxy -D /tmp/dbt3/pgdata/gtm_proxy.1 -s pgxl -t 6666 -l /tmp/pgxl-perf-example/power/gtm_proxy_1.log 
 1444148321      8381    0.00    0.00    0.00    0.00     3      0.00      0.00  683656  39228   0.24      0.00      0.00      0.00      0.00      0.00  /opt/pgxl/bin/postgres --datanode -D /tmp/dbt3/pgdata/datanode.1.1 -p 15433 -c pooler_port=25433 -c listen_addresses=* -c share
 1444148321      8387    0.00    0.00    0.00    0.00     0      0.00      0.00  683788   4808   0.03      0.00      0.00      0.00      0.00      0.00  postgres: pooler process                                                                                                       
 1444148321      8388    0.00    0.00    0.00    0.00     0      0.00      0.00  683824  88264   0.54      0.00      0.00      0.00      0.00      0.00  postgres: checkpointer process                                                                                                 
 1444148321      8389    0.00    0.00    0.00    0.00     0      0.00      0.00  683656  82992   0.51      0.00      0.00      0.00      0.00      0.00  postgres: writer process                                                                                                       
 1444148321      8390    0.00    0.00    0.00    0.00     3      0.00      0.00  683656  18408   0.11      0.00      0.00      0.00      0.00      0.00  postgres: wal writer process                                                                                                   
 1444148321      8391    0.00    0.00    0.00    0.00     0      0.00      0.00  684256   6432   0.04      0.00      0.00      0.00      0.00      0.00  postgres: autovacuum launcher process                                                                                          
 1444148321      8392    0.00    0.00    0.00    0.00     0      0.00      0.00  118944   3212   0.02      0.00      0.00      0.00      0.00      0.00  postgres: stats collector process                                                                                              
 1444148321      8833    0.00    0.00    0.00    0.00     3      0.00      0.00  101024   1992   0.01      0.00      0.00      0.00      0.00      0.00  pidstat -h -l -d -r -u -w 60 
 1444148321      8834    0.00    0.00    0.00    0.00     1      0.00      0.00  101036   1928   0.01      0.00      0.00      0.00      0.00      0.00  sar -o /tmp/pgxl-perf-example/power/pgxl1/sar_raw.out 60 
 1444148321      8836    0.00    0.00    0.00    0.00     3      0.00      0.00  101036   1952   0.01      0.00      0.00      0.00      0.00      0.00  sadc 60 -z -S ALL /tmp/pgxl-perf-example/power/pgxl1/sar_raw.out 
 1444148321      9746    0.00    0.00    0.00    0.00     3      0.00      0.00  753880 630680   3.86      0.00      0.00      0.00      0.00      0.00  postgres: mark dbt3 10.0.3.115(50250) REMOTE SUBPLAN                                                                           
 1444148321     10298    0.00    0.00    0.00    0.00     0      0.00      0.00  701764 561588   3.44      0.00      0.00      0.00      0.00      0.00  postgres: mark dbt3 127.0.0.1(38067) REMOTE SUBPLAN                                                                            
 1444148321     10299    0.00    0.00    0.00    0.00     1      0.00      0.00  685100  57952   0.35      0.00      0.00      0.00      0.00      0.00  postgres: mark dbt3 10.0.3.117(34368) REMOTE SUBPLAN                                                                           
 1444148321     10352    0.00    0.00    0.00    0.00     3      0.00      0.00   91772   6200   0.04     -1.00     -1.00     -1.00      0.00      0.00  sshd: mark [priv] 
 1444148321     10354    0.00    0.00    0.00    0.00     0      0.00      0.00  687736  17412   0.11      0.00      0.00      0.00      0.00      0.00  postgres: mark dbt3 127.0.0.1(38101) REMOTE SUBPLAN                                                                            
 1444148321     10355    0.00    0.00    0.00    0.00     0      0.00      0.00  695804 555632   3.40      0.00      0.00      0.00      0.00      0.00  postgres: mark dbt3 10.0.3.117(34402) REMOTE SUBPLAN                                                                           
 1444148321     10356    0.00    0.00    0.00    0.00     3      0.00      0.00   91772   3544   0.02     -1.00     -1.00     -1.00      0.00      0.00  sshd: mark@notty  
 1444148321     10357    0.00    0.00    0.00    0.00     3      0.00      0.00  108232   2964   0.02      0.00      0.00      0.00      0.00      0.00  -bash 
 1444148321     10369    0.00    0.00    0.00    0.00     3      0.00      0.00   52708   5132   0.03      0.00      0.00      0.00      0.00      0.00  perf record -a -g -s -F 100 -o /tmp/pgxl-perf-example/power/perf/9/perf-pgxl1-q9.data 

#      Time       PID    %usr %system  %guest    %CPU   CPU  minflt/s  majflt/s     VSZ    RSS   %MEM   kB_rd/s   kB_wr/s kB_ccwr/s   cswch/s nvcswch/s  Command
 1444148381         1    0.00    0.00    0.00    0.00     2      0.00      0.00   19292    496   0.00     -1.00     -1.00     -1.00      0.05      0.00  /sbin/init 
 1444148381        78    0.00    0.00    0.00    0.00     1      0.00      0.00    4124    248   0.00     -1.00     -1.00     -1.00      0.00      0.00  /sbin/mingetty --nohangup console 
 1444148381       241    0.00    0.00    0.00    0.00     0      0.00      0.03  245104    700   0.00     -1.00     -1.00     -1.00      0.00      0.00  /sbin/rsyslogd -i /var/run/syslogd.pid -c 5 
 1444148381       271    0.00    0.00    0.00    0.00     3      0.76      0.00   66276    616   0.00     -1.00     -1.00     -1.00      0.21      0.00  /usr/sbin/sshd 
 1444148381       290    0.00    0.00    0.00    0.00     1      0.00      0.00   82640    556   0.00     -1.00     -1.00     -1.00      0.21      0.10  sendmail: accepting connections
 1444148381       309    0.00    0.00    0.00    0.00     0      0.05      0.00   20036    496   0.00     -1.00     -1.00     -1.00      0.02      0.00  crond 
 1444148381       321    0.00    0.00    0.00    0.00     3      0.00      0.00    4124    248   0.00     -1.00     -1.00     -1.00      0.00      0.00  /sbin/mingetty --nohangup /dev/tty1 
 1444148381       323    0.00    0.00    0.00    0.00     0      0.00      0.00    4124    244   0.00     -1.00     -1.00     -1.00      0.00      0.00  /sbin/mingetty --nohangup /dev/tty2 
 1444148381       325    0.00    0.00    0.00    0.00     2      0.00      0.00    4124    244   0.00     -1.00     -1.00     -1.00      0.00      0.00  /sbin/mingetty --nohangup /dev/tty3 
 1444148381       327    0.00    0.00    0.00    0.00     3      0.00      0.00    4124    240   0.00     -1.00     -1.00     -1.00      0.00      0.00  /sbin/mingetty --nohangup /dev/tty4 
 1444148381       607    0.00    0.00    0.00    0.00     2      0.00      0.00   93844    284   0.00     -1.00     -1.00     -1.00      0.00      0.00  sshd: mark [priv] 
 1444148381       609    0.00    0.00    0.00    0.00     1      0.00      0.00   93844    524   0.00     -1.00     -1.00     -1.00      0.00      0.00  sshd: mark@pts/4  
 1444148381      8341    0.07    0.17    0.00    0.24     0      0.00      0.00  160284   4468   0.03      0.00      0.14      0.00      0.16      0.00  gtm_proxy -D /tmp/dbt3/pgdata/gtm_proxy.1 -s pgxl -t 6666 -l /tmp/pgxl-perf-example/power/gtm_proxy_1.log 
 1444148381      8381    0.00    0.00    0.00    0.00     3      1.40      0.00  683656  39228   0.24  33261.31   9588.07      0.34      0.31      0.03  /opt/pgxl/bin/postgres --datanode -D /tmp/dbt3/pgdata/datanode.1.1 -p 15433 -c pooler_port=25433 -c listen_addresses=* -c share
 1444148381      8387    0.00    0.00    0.00    0.00     0      0.00      0.00  683788   4808   0.03      0.00      0.00      0.00      0.16      0.02  postgres: pooler process                                                                                                       
 1444148381      8389    0.03    0.02    0.00    0.05     0      3.60      0.00  683656  99876   0.61      0.00     25.93      0.00      5.21      0.24  postgres: writer process                                                                                                       
 1444148381      8390    0.00    0.00    0.00    0.00     1      0.00      0.00  683656  18408   0.11      0.00      0.28      0.00      1.71      0.00  postgres: wal writer process                                                                                                   
 1444148381      8391    0.00    0.00    0.00    0.00     3      0.43      0.00  684256   6688   0.04      0.00      0.00      0.00      0.21      0.02  postgres: autovacuum launcher process                                                                                          
 1444148381      8392    0.00    0.02    0.00    0.02     0      0.17      0.00  118944   3212   0.02      0.00      1.10      0.00      5.90      0.10  postgres: stats collector process                                                                                              
 1444148381      8833    0.00    0.00    0.00    0.00     1      2.48      0.00  101024   1992   0.01      1.17      0.14      0.00      0.34      0.05  pidstat -h -l -d -r -u -w 60 
 1444148381      8834    0.00    0.00    0.00    0.00     3      0.00      0.00  101036   1928   0.01      0.00      0.07      0.00      0.02      0.00  sar -o /tmp/pgxl-perf-example/power/pgxl1/sar_raw.out 60 
 1444148381      8836    0.00    0.00    0.00    0.00     1      0.62      0.00  101036   1952   0.01      0.62      0.41      0.00      0.72      0.21  sadc 60 -z -S ALL /tmp/pgxl-perf-example/power/pgxl1/sar_raw.out 
 1444148381     10299    0.31    0.64    0.00    0.95     3      0.02      0.00  685100  57952   0.35      0.00      0.00      0.00   1427.31     19.33  postgres: mark dbt3 10.0.3.117(34368) REMOTE SUBPLAN                                                                           
 1444148381     10354   50.26    5.69    0.00   55.95     2   2074.93      0.00  685088 531620   3.25  12829.10      0.97      0.00   1341.45    467.55  postgres: mark dbt3 127.0.0.1(38101) idle                                                                                      
 1444148381     10355   47.17    4.74    0.00   51.91     2      0.36      0.00  685116 544976   3.34   7856.48      0.00      0.00  16068.47    424.02  postgres: mark dbt3 10.0.3.117(34402) idle                                                                                     
 1444148381     10406    2.29    0.21    0.00    2.50     3    633.38      0.00  729968 175660   1.08   1076.69      0.76      0.07      4.29      3.26  postgres: mark dbt3 10.0.3.115(50388) REMOTE SUBPLAN                                                                           
 1444148381     10417    0.00    0.00    0.00    0.00     3      9.21      0.00   91772   6056   0.04     -1.00     -1.00     -1.00      0.22      0.36  sshd: mark [priv] 
 1444148381     10419    0.00    0.00    0.00    0.00     1      2.03      0.00   91772   3472   0.02     -1.00     -1.00     -1.00      0.09      0.03  sshd: mark@notty  
 1444148381     10420    0.00    0.00    0.00    0.00     2      6.21      0.00  108232   2908   0.02      0.07      0.00      0.00      0.29      0.03  -bash 
 1444148381     10432    0.00    0.00    0.00    0.00     2      7.07      0.02   52708   5120   0.03      0.07      0.62      0.00      0.03      0.07  perf record -a -g -s -F 100 -o /tmp/pgxl-perf-example/power/perf/6/perf-pgxl1-q6.data 

#      Time       PID    %usr %system  %guest    %CPU   CPU  minflt/s  majflt/s     VSZ    RSS   %MEM   kB_rd/s   kB_wr/s kB_ccwr/s   cswch/s nvcswch/s  Command
 1444148441         1    0.00    0.00    0.00    0.00     2      0.00      0.00   19292    496   0.00     -1.00     -1.00     -1.00      0.05      0.00  /sbin/init 
 1444148441        78    0.00    0.00    0.00    0.00     1      0.00      0.02    4124    252   0.00     -1.00     -1.00     -1.00      0.00      0.00  /sbin/mingetty --nohangup console 
 1444148441       241    0.00    0.00    0.00    0.00     0      0.02      0.06  245104    680   0.00     -1.00     -1.00     -1.00      0.00      0.00  /sbin/rsyslogd -i /var/run/syslogd.pid -c 5 
 1444148441       271    0.00    0.00    0.00    0.00     1      0.71      0.02   66276    620   0.00     -1.00     -1.00     -1.00      0.18      0.02  /usr/sbin/sshd 
 1444148441       290    0.00    0.00    0.00    0.00     2      0.00      0.06   82640    556   0.00     -1.00     -1.00     -1.00      0.26      0.05  sendmail: accepting connections
 1444148441       299    0.00    0.00    0.00    0.00     1      0.00      0.02   78236    396   0.00     -1.00     -1.00     -1.00      0.00      0.00  sendmail: Queue runner@01:00:00 for /var/spool/clientmqueue
 1444148441       309    0.00    0.02    0.00    0.02     3      0.31      0.27   20036    536   0.00     -1.00     -1.00     -1.00      0.31      0.00  crond 
 1444148441       321    0.00    0.00    0.00    0.00     3      0.00      0.02    4124    252   0.00     -1.00     -1.00     -1.00      0.00      0.00  /sbin/mingetty --nohangup /dev/tty1 
 1444148441       323    0.00    0.00    0.00    0.00     0      0.00      0.02    4124    248   0.00     -1.00     -1.00     -1.00      0.00      0.00  /sbin/mingetty --nohangup /dev/tty2 
 1444148441       325    0.00    0.00    0.00    0.00     2      0.00      0.02    4124    248   0.00     -1.00     -1.00     -1.00      0.00      0.00  /sbin/mingetty --nohangup /dev/tty3 
 1444148441       327    0.00    0.00    0.00    0.00     3      0.02      0.00    4124    244   0.00     -1.00     -1.00     -1.00      0.00      0.00  /sbin/mingetty --nohangup /dev/tty4 
 1444148441       607    0.00    0.00    0.00    0.00     2      0.00      0.02   93844    288   0.00     -1.00     -1.00     -1.00      0.00      0.00  sshd: mark [priv] 
 1444148441       609    0.00    0.00    0.00    0.00     1      0.00      0.02   93844    524   0.00     -1.00     -1.00     -1.00      0.00      0.00  sshd: mark@pts/4  
 1444148441       610    0.00    0.00    0.00    0.00     3      0.00      0.02  108368    500   0.00      0.00      0.00      0.00      0.00      0.00  -bash 
 1444148441      8341    0.06    0.21    0.00    0.27     3      0.24      0.03  160332   2100   0.01      0.13      0.06      0.00      0.19      0.00  gtm_proxy -D /tmp/dbt3/pgdata/gtm_proxy.1 -s pgxl -t 6666 -l /tmp/pgxl-perf-example/power/gtm_proxy_1.log 
 1444148441      8381    0.00    0.00    0.00    0.00     3      1.85      0.00  683656  30496   0.19  33961.03      1.74      0.06      0.32      0.03  /opt/pgxl/bin/postgres --datanode -D /tmp/dbt3/pgdata/datanode.1.1 -p 15433 -c pooler_port=25433 -c listen_addresses=* -c share
 1444148441      8387    0.00    0.00    0.00    0.00     3      0.39      0.34  683928   4668   0.03      1.48      0.00      0.00      0.52      0.00  postgres: pooler process                                                                                                       
 1444148441      8388    0.00    0.00    0.00    0.00     0      0.00      0.00  683824  87748   0.54      0.00      0.00      0.00      0.00      0.00  postgres: checkpointer process                                                                                                 
 1444148441      8389    0.05    0.02    0.00    0.06     1      0.60      0.02  683656  99652   0.61      0.06      4.00      0.00      4.71      0.16  postgres: writer process                                                                                                       
 1444148441      8390    0.00    0.00    0.00    0.00     1      0.00      0.00  683656   9636   0.06      0.00      0.13      0.00      1.60      0.02  postgres: wal writer process                                                                                                   
 1444148441      8391    0.00    0.00    0.00    0.00     3      0.21      0.02  684256   6412   0.04      0.06      0.00      0.00      0.21      0.00  postgres: autovacuum launcher process                                                                                          
 1444148441      8392    0.00    0.00    0.00    0.00     1      0.16      0.00  118944   2996   0.02      0.00      1.03      0.00      3.81      0.02  postgres: stats collector process                                                                                              
 1444148441      8790    0.00    0.00    0.00    0.00     3      0.00      0.00   91772   5416   0.03     -1.00     -1.00     -1.00      0.00      0.00  sshd: mark [priv] 
 1444148441      8792    0.00    0.00    0.00    0.00     2      0.00      0.00   91772   5272   0.03     -1.00     -1.00     -1.00      0.00      0.00  sshd: mark [priv] 
 1444148441      8798    0.00    0.00    0.00    0.00     3      0.00      0.00   91772   2716   0.02     -1.00     -1.00     -1.00      0.00      0.00  sshd: mark@notty  
 1444148441      8799    0.00    0.00    0.00    0.00     0      0.00      0.00   91772   2580   0.02     -1.00     -1.00     -1.00      0.00      0.00  sshd: mark@notty  
 1444148441      8805    0.00    0.00    0.00    0.00     0      0.00      0.00  108232   2716   0.02      0.00      0.00      0.00      0.00      0.00  -bash 
 1444148441      8806    0.00    0.00    0.00    0.00     3      0.00      0.00  108232   2792   0.02      0.00      0.00      0.00      0.00      0.00  -bash 
 1444148441      8833    0.00    0.02    0.00    0.02     1      2.24      0.00  101024   1952   0.01      0.19      0.19      0.00      0.18      0.05  pidstat -h -l -d -r -u -w 60 
 1444148441      8834    0.00    0.00    0.00    0.00     1      0.00      0.00  101036   1900   0.01      0.00      0.06      0.00      0.02      0.00  sar -o /tmp/pgxl-perf-example/power/pgxl1/sar_raw.out 60 
 1444148441      8836    0.00    0.00    0.00    0.00     1      0.40      0.00  101032   1916   0.01      0.19      0.39      0.00      0.35      0.08  sadc 60 -z -S ALL /tmp/pgxl-perf-example/power/pgxl1/sar_raw.out 
 1444148441     10299    0.00    0.00    0.00    0.00     3      0.00      0.00  685100  56884   0.35      0.00      0.00      0.00      0.00      0.00  postgres: mark dbt3 10.0.3.117(34368) REMOTE SUBPLAN                                                                           
 1444148441     10354    0.50    0.18    0.00    0.68     2      1.60      0.00  685088 531960   3.26     16.06      0.00      0.00     69.52      6.71  postgres: mark dbt3 127.0.0.1(38101) idle                                                                                      
 1444148441     10355    0.48    0.24    0.00    0.73     1      0.13      0.00  685116 544868   3.33     14.97      0.00      0.00     72.84      2.42  postgres: mark dbt3 10.0.3.117(34402) idle                                                                                     
 1444148441     10446   32.08    4.48    0.00   36.56     0   4159.77      0.06 1689836 1545756   9.46  10133.68     67.94      0.13    407.00     33.89  postgres: mark dbt3 10.0.3.115(50468) REMOTE SUBPLAN                                                                           
 1444148441     10459    0.71    0.13    0.00    0.84     1     54.58      0.00  684980  67120   0.41     58.39      0.00      0.00     41.35      3.16  postgres: mark dbt3 10.0.3.117(34588) idle                                                                                     
 1444148441     10460    0.73    0.11    0.00    0.84     1    103.00      0.00  684948  65268   0.40     65.94      0.00      0.00     42.00      2.29  postgres: mark dbt3 127.0.0.1(38290) idle                                                                                      
 1444148441     10461    0.63    0.18    0.00    0.81     1     72.47      0.00  684980  69732   0.43     49.87      0.00      0.00     39.73      2.61  postgres: mark dbt3 10.0.3.117(34596) idle                                                                                     
 1444148441     10462    0.68    0.10    0.00    0.77     3     58.76      0.00  684980  60064   0.37     68.77      0.00      0.00     40.95      1.82  postgres: mark dbt3 127.0.0.1(38298) idle                                                                                      
 1444148441     10487    0.00    0.00    0.00    0.00     1      8.65      0.00   91772   6120   0.04     -1.00     -1.00     -1.00      0.40      0.15  sshd: mark [priv] 
 1444148441     10489    0.00    0.00    0.00    0.00     1      1.95      0.00   91772   3448   0.02     -1.00     -1.00     -1.00      0.08      0.06  sshd: mark@notty  
 1444148441     10490    0.00    0.00    0.00    0.00     1      5.81      0.00  108232   2948   0.02      0.06      0.00      0.00      0.27      0.05  -bash 
 1444148441     10502    0.00    0.00    0.00    0.00     1      6.74      0.00   52708   5096   0.03      0.00      0.65      0.00      0.02      0.05  perf record -a -g -s -F 100 -o /tmp/pgxl-perf-example/power/perf/18/perf-pgxl1-q18.data 

#      Time       PID    %usr %system  %guest    %CPU   CPU  minflt/s  majflt/s     VSZ    RSS   %MEM   kB_rd/s   kB_wr/s kB_ccwr/s   cswch/s nvcswch/s  Command
 1444148501         1    0.00    0.00    0.00    0.00     0      0.00      0.00   19292    408   0.00     -1.00     -1.00     -1.00      0.08      0.00  /sbin/init 
 1444148501       241    0.00    0.00    0.00    0.00     0      0.02      0.03  245104    428   0.00     -1.00     -1.00     -1.00      0.00      0.00  /sbin/rsyslogd -i /var/run/syslogd.pid -c 5 
 1444148501       271    0.00    0.00    0.00    0.00     2      1.10      0.00   66276    620   0.00     -1.00     -1.00     -1.00      0.30      0.02  /usr/sbin/sshd 
 1444148501       290    0.00    0.00    0.00    0.00     2      0.02      0.00   82640    556   0.00     -1.00     -1.00     -1.00      0.20      0.07  sendmail: accepting connections
 1444148501       309    0.00    0.00    0.00    0.00     3      0.12      0.00   20036    556   0.00     -1.00     -1.00     -1.00      0.02      0.00  crond 
 1444148501       609    0.00    0.00    0.00    0.00     2      0.30      0.42   93844    676   0.00     -1.00     -1.00     -1.00      0.43      0.00  sshd: mark@pts/4  
 1444148501      8341    0.08    0.23    0.00    0.32     1      0.03      0.03  160332   2076   0.01      0.20      0.07      0.00      0.15      0.00  gtm_proxy -D /tmp/dbt3/pgdata/gtm_proxy.1 -s pgxl -t 6666 -l /tmp/pgxl-perf-example/power/gtm_proxy_1.log 
 1444148501      8381    0.00    0.00    0.00    0.00     1      1.50      0.00  683656  19956   0.12  67364.87  12497.07   7026.00      0.28      0.08  /opt/pgxl/bin/postgres --datanode -D /tmp/dbt3/pgdata/datanode.1.1 -p 15433 -c pooler_port=25433 -c listen_addresses=* -c share
 1444148501      8387    0.00    0.00    0.00    0.00     0      0.00      0.00  683928   4660   0.03      0.00      0.00      0.00      0.15      0.00  postgres: pooler process                                                                                                       
 1444148501      8388    0.00    0.00    0.00    0.00     0      0.00      0.00  683824  87656   0.54      0.00      0.00      0.00      0.00      0.00  postgres: checkpointer process                                                                                                 
 1444148501      8389    0.05    0.00    0.00    0.05     1      0.45      0.00  683656 103576   0.63      1.60      4.27      0.00      4.93      0.27  postgres: writer process                                                                                                       
 1444148501      8390    0.00    0.00    0.00    0.00     1      0.00      0.00  683656   2052   0.01      0.00      0.13      0.00      1.05      0.02  postgres: wal writer process                                                                                                   
 1444148501      8391    0.00    0.00    0.00    0.00     2      0.28      0.00  684256   6876   0.04      0.00      0.00      0.00      0.20      0.02  postgres: autovacuum launcher process                                                                                          
 1444148501      8392    0.00    0.00    0.00    0.00     3      0.17      0.00  118944   2996   0.02      0.00      1.07      0.00      3.47      0.02  postgres: stats collector process                                                                                              
 1444148501      8790    0.00    0.00    0.00    0.00     3      0.00      0.00   91772   5072   0.03     -1.00     -1.00     -1.00      0.00      0.00  sshd: mark [priv] 
 1444148501      8792    0.00    0.00    0.00    0.00     2      0.00      0.00   91772   5076   0.03     -1.00     -1.00     -1.00      0.00      0.00  sshd: mark [priv] 
 1444148501      8798    0.00    0.00    0.00    0.00     3      0.13      0.50   91772   2716   0.02     -1.00     -1.00     -1.00      0.52      0.03  sshd: mark@notty  
 1444148501      8799    0.00    0.00    0.00    0.00     0      0.08      0.53   91772   2716   0.02     -1.00     -1.00     -1.00      0.55      0.00  sshd: mark@notty  
 1444148501      8805    0.00    0.00    0.00    0.00     0      0.00      0.00  108232   2356   0.01      0.00      0.00      0.00      0.00      0.00  -bash 
 1444148501      8806    0.00    0.00    0.00    0.00     3      0.00      0.00  108232   2352   0.01      0.00      0.00      0.00      0.00      0.00  -bash 
 1444148501      8833    0.00    0.00    0.00    0.00     1      2.60      0.00  101024   1652   0.01      0.20      0.20      0.00      0.18      0.17  pidstat -h -l -d -r -u -w 60 
 1444148501      8834    0.00    0.00    0.00    0.00     1      0.00      0.00  101036   1524   0.01      0.00      0.07      0.00      0.02      0.00  sar -o /tmp/pgxl-perf-example/power/pgxl1/sar_raw.out 60 
 1444148501      8836    0.00    0.00    0.00    0.00     2      0.53      0.00  101036   1624   0.01      0.60      0.33      0.00      0.57      0.20  sadc 60 -z -S ALL /tmp/pgxl-perf-example/power/pgxl1/sar_raw.out 
 1444148501     10299    0.00    0.00    0.00    0.00     3      0.00      0.00  685100  56292   0.34      0.00      0.00      0.00      0.00      0.00  postgres: mark dbt3 10.0.3.117(34368) REMOTE SUBPLAN                                                                           
 1444148501     10354    0.32    0.42    0.00    0.73     0      0.03      0.00  685088 529620   3.24      0.00      0.00      0.00   1242.30      2.62  postgres: mark dbt3 127.0.0.1(38101) idle                                                                                      
 1444148501     10355    8.93    2.58    0.00   11.52     2     77.75      0.02  702252 559588   3.42    775.27      0.00      0.00   3261.77     88.87  postgres: mark dbt3 10.0.3.117(34402) REMOTE SUBPLAN                                                                           
 1444148501     10459    1.32    1.28    0.00    2.60     0   1544.15      0.00  684980 521728   3.19   2140.07      0.00      0.00    300.00     42.93  postgres: mark dbt3 10.0.3.117(34588) idle                                                                                     
 1444148501     10460   10.30    2.32    0.00   12.62     0   1582.47      0.00  689284 525868   3.22   3197.93      0.00      0.00   6565.10     61.95  postgres: mark dbt3 127.0.0.1(38290) REMOTE SUBPLAN                                                                            
 1444148501     10461    0.00    0.00    0.00    0.00     1      0.00      0.00  684980  69640   0.43      0.00      0.00      0.00      0.02      0.00  postgres: mark dbt3 10.0.3.117(34596) idle                                                                                     
 1444148501     10462    0.00    0.00    0.00    0.00     3      0.00      0.00  684980  59972   0.37      0.00      0.00      0.00      0.02      0.00  postgres: mark dbt3 127.0.0.1(38298) idle                                                                                      
 1444148501     10565    7.75    0.65    0.00    8.40     0    276.62      0.55  804692 127400   0.78     20.47      0.47      0.07     73.85    585.27  postgres: mark dbt3 10.0.3.115(50582) REMOTE SUBPLAN                                                                           
 1444148501     10576    0.02    0.00    0.00    0.02     2      8.93      0.00   91772   6052   0.04     -1.00     -1.00     -1.00      0.70      0.07  sshd: mark [priv] 
 1444148501     10578    0.00    0.00    0.00    0.00     2      1.97      0.00   91772   3572   0.02     -1.00     -1.00     -1.00      0.08      0.08  sshd: mark@notty  
 1444148501     10579    0.00    0.00    0.00    0.00     3      6.05      0.00  108232   2948   0.02      1.33      0.00      0.00      0.30      0.23  -bash 
 1444148501     10591    0.00    0.00    0.00    0.00     3      6.78      0.20   52708   5076   0.03     12.87      0.67      0.00      0.38      0.10  perf record -a -g -s -F 100 -o /tmp/pgxl-perf-example/power/perf/13/perf-pgxl1-q13.data 

#      Time       PID    %usr %system  %guest    %CPU   CPU  minflt/s  majflt/s     VSZ    RSS   %MEM   kB_rd/s   kB_wr/s kB_ccwr/s   cswch/s nvcswch/s  Command
 1444148561         1    0.00    0.00    0.00    0.00     1      0.00      0.00   19292    408   0.00     -1.00     -1.00     -1.00      0.12      0.00  /sbin/init 
 1444148561       241    0.00    0.02    0.00    0.02     0      0.00      0.07  245104    416   0.00     -1.00     -1.00     -1.00      0.00      0.00  /sbin/rsyslogd -i /var/run/syslogd.pid -c 5 
 1444148561       271    0.00    0.00    0.00    0.00     0      1.47      0.00   66276    620   0.00     -1.00     -1.00     -1.00      0.38      0.02  /usr/sbin/sshd 
 1444148561       290    0.00    0.00    0.00    0.00     3      0.00      0.00   82640    556   0.00     -1.00     -1.00     -1.00      0.20      0.07  sendmail: accepting connections
 1444148561       309    0.00    0.00    0.00    0.00     1      0.05      0.00   20036    540   0.00     -1.00     -1.00     -1.00      0.02      0.00  crond 
 1444148561      8341    0.10    0.20    0.00    0.30     3      0.02      0.03  160332   2048   0.01      0.13      0.13      0.00      0.12      0.00  gtm_proxy -D /tmp/dbt3/pgdata/gtm_proxy.1 -s pgxl -t 6666 -l /tmp/pgxl-perf-example/power/gtm_proxy_1.log 
 1444148561      8381    0.00    0.00    0.00    0.00     0      1.13      0.00  683656  19356   0.12      3.07      0.00      0.00      0.20      0.02  /opt/pgxl/bin/postgres --datanode -D /tmp/dbt3/pgdata/datanode.1.1 -p 15433 -c pooler_port=25433 -c listen_addresses=* -c share
 1444148561      8387    0.00    0.00    0.00    0.00     0      0.00      0.00  683928   4644   0.03      0.00      0.00      0.00      0.13      0.00  postgres: pooler process                                                                                                       
 1444148561      8389    0.02    0.00    0.00    0.02     1      0.00      0.00  683656 103556   0.63      0.00      0.00      0.00      2.12      0.17  postgres: writer process                                                                                                       
 1444148561      8390    0.00    0.02    0.00    0.02     3      0.00      0.00  683656   1796   0.01      0.00      0.27      0.00      1.88      0.02  postgres: wal writer process                                                                                                   
 1444148561      8391    0.00    0.00    0.00    0.00     1      0.10      0.00  684256   6872   0.04      0.00      0.00      0.00      0.20      0.02  postgres: autovacuum launcher process                                                                                          
 1444148561      8392    0.00    0.00    0.00    0.00     0      0.17      0.00  118944   2996   0.02      0.00      1.07      0.00      1.43      0.00  postgres: stats collector process                                                                                              
 1444148561      8833    0.00    0.02    0.00    0.02     3      2.58      0.00  101024   1652   0.01      0.20      0.20      0.00      0.17      0.15  pidstat -h -l -d -r -u -w 60 
 1444148561      8834    0.00    0.00    0.00    0.00     1      0.02      0.00  101036   1524   0.01      0.00      0.07      0.00      0.02      0.00  sar -o /tmp/pgxl-perf-example/power/pgxl1/sar_raw.out 60 
 1444148561      8836    0.00    0.02    0.00    0.02     0      0.55      0.00  101036   1624   0.01      2.80      0.40      0.00      0.65      0.05  sadc 60 -z -S ALL /tmp/pgxl-perf-example/power/pgxl1/sar_raw.out 
 1444148561     10354    0.00    0.00    0.00    0.00     0      0.00      0.00  685088 529500   3.24      0.00      0.00      0.00      0.00      0.00  postgres: mark dbt3 127.0.0.1(38101) idle                                                                                      
 1444148561     10355   17.23    4.15    0.00   21.38     2    315.60      0.03  691724 550864   3.37     21.27    369.00      0.00    804.97    215.52  postgres: mark dbt3 10.0.3.117(34402) idle                                                                                     
 1444148561     10459    0.00    0.00    0.00    0.00     0      0.00      0.00  684980 520660   3.19      0.00      0.00      0.00      0.00      0.00  postgres: mark dbt3 10.0.3.117(34588) idle                                                                                     
 1444148561     10460   13.67    2.27    0.00   15.93     3      0.15      0.17  685024 521504   3.19      0.67      0.00      0.00  16813.60    120.27  postgres: mark dbt3 127.0.0.1(38290) idle                                                                                      
 1444148561     10461    0.00    0.00    0.00    0.00     1      0.00      0.00  684980  68968   0.42      0.00      0.00      0.00      0.00      0.00  postgres: mark dbt3 10.0.3.117(34596) idle                                                                                     
 1444148561     10462    0.00    0.00    0.00    0.00     3      0.00      0.00  684980  59400   0.36      0.00      0.00      0.00      0.00      0.00  postgres: mark dbt3 127.0.0.1(38298) idle                                                                                      
 1444148561     10565   39.43    5.40    0.00   44.83     0   3637.27      0.00  705300 565556   3.46  22635.80   1501.13   1499.60    814.75   1205.07  postgres: mark dbt3 10.0.3.115(50582) REMOTE SUBPLAN                                                                           
 1444148561     10690    0.00    0.02    0.00    0.02     2      8.92      0.00   91772   6140   0.04     -1.00     -1.00     -1.00      0.30      0.45  sshd: mark [priv] 
 1444148561     10692    0.00    0.00    0.00    0.00     2      1.95      0.00   91772   3540   0.02     -1.00     -1.00     -1.00      0.07      0.00  sshd: mark@notty  
 1444148561     10693    0.00    0.00    0.00    0.00     2      6.12      0.00  108232   2984   0.02      0.07      0.00      0.00      0.32      0.02  -bash 
 1444148561     10705    0.00    0.00    0.00    0.00     3      6.93      0.05   52708   5056   0.03      0.67      0.67      0.00      0.07      0.05  perf record -a -g -s -F 100 -o /tmp/pgxl-perf-example/power/perf/4/perf-pgxl1-q4.data 

#      Time       PID    %usr %system  %guest    %CPU   CPU  minflt/s  majflt/s     VSZ    RSS   %MEM   kB_rd/s   kB_wr/s kB_ccwr/s   cswch/s nvcswch/s  Command
 1444148621         1    0.00    0.00    0.00    0.00     0      0.00      0.00   19292    408   0.00     -1.00     -1.00     -1.00      0.10      0.02  /sbin/init 
 1444148621       241    0.00    0.00    0.00    0.00     0      0.00      0.03  245104    416   0.00     -1.00     -1.00     -1.00      0.00      0.00  /sbin/rsyslogd -i /var/run/syslogd.pid -c 5 
 1444148621       271    0.00    0.00    0.00    0.00     2      1.10      0.00   66276    620   0.00     -1.00     -1.00     -1.00      0.28      0.00  /usr/sbin/sshd 
 1444148621       290    0.02    0.00    0.00    0.02     0      0.00      0.00   82640    556   0.00     -1.00     -1.00     -1.00      0.20      0.10  sendmail: accepting connections
 1444148621       309    0.00    0.00    0.00    0.00     1      0.05      0.00   20036    540   0.00     -1.00     -1.00     -1.00      0.02      0.00  crond 
 1444148621      8341    0.12    0.20    0.00    0.32     3      0.00      0.00  160332   2048   0.01      0.00      0.07      0.00      0.12      0.00  gtm_proxy -D /tmp/dbt3/pgdata/gtm_proxy.1 -s pgxl -t 6666 -l /tmp/pgxl-perf-example/power/gtm_proxy_1.log 
 1444148621      8381    0.00    0.00    0.00    0.00     1      1.13      0.00  683656  17804   0.11      1.87      0.00      0.00      0.23      0.00  /opt/pgxl/bin/postgres --datanode -D /tmp/dbt3/pgdata/datanode.1.1 -p 15433 -c pooler_port=25433 -c listen_addresses=* -c share
 1444148621      8387    0.00    0.00    0.00    0.00     3      0.00      0.00  683928   4644   0.03      0.00      0.00      0.00      0.07      0.00  postgres: pooler process                                                                                                       
 1444148621      8388    0.00    0.00    0.00    0.00     0      0.63      0.87  683824  91512   0.56      9.27      0.47      0.00      1.42      0.32  postgres: checkpointer process                                                                                                 
 1444148621      8389    0.07    0.02    0.00    0.08     3      0.13      0.13  683656 103544   0.63      0.53      0.13      0.00      2.97      0.20  postgres: writer process                                                                                                       
 1444148621      8390    0.00    0.00    0.00    0.00     0      0.00      0.00  683656   1796   0.01      0.00      0.13      0.00      1.07      0.00  postgres: wal writer process                                                                                                   
 1444148621      8391    0.00    0.00    0.00    0.00     1      0.37      0.00  684256   7416   0.05      0.00      0.00      0.00      0.20      0.00  postgres: autovacuum launcher process                                                                                          
 1444148621      8392    0.00    0.02    0.00    0.02     3      0.17      0.00  118944   2996   0.02      0.00      1.07      0.00      3.43      0.00  postgres: stats collector process                                                                                              
 1444148621      8833    0.00    0.00    0.00    0.00     1      2.58      0.00  101024   1652   0.01      0.13      0.13      0.00      0.15      0.02  pidstat -h -l -d -r -u -w 60 
 1444148621      8834    0.00    0.00    0.00    0.00     1      0.00      0.00  101036   1524   0.01      0.00      0.07      0.00      0.03      0.00  sar -o /tmp/pgxl-perf-example/power/pgxl1/sar_raw.out 60 
 1444148621      8836    0.00    0.00    0.00    0.00     0      0.42      0.00  101032   1624   0.01      0.20      0.33      0.00      0.30      0.10  sadc 60 -z -S ALL /tmp/pgxl-perf-example/power/pgxl1/sar_raw.out 
 1444148621     10355    0.35    0.18    0.00    0.53     0      0.27      0.02  691724 550852   3.37    293.40      0.00      0.00     16.90      0.37  postgres: mark dbt3 10.0.3.117(34402) idle                                                                                     
 1444148621     10459    0.00    0.00    0.00    0.00     0      0.00      0.00  684980 520576   3.19      0.00      0.00      0.00      0.00      0.00  postgres: mark dbt3 10.0.3.117(34588) idle                                                                                     
 1444148621     10460    0.32    0.20    0.00    0.52     2     50.90      0.13  685052 544212   3.33      0.67      0.00      0.00      0.28      0.15  postgres: mark dbt3 127.0.0.1(38290) idle                                                                                      
 1444148621     10461    0.00    0.00    0.00    0.00     1      0.00      0.00  684980  68856   0.42      0.00      0.00      0.00      0.00      0.00  postgres: mark dbt3 10.0.3.117(34596) idle                                                                                     
 1444148621     10462    0.00    0.00    0.00    0.00     3      0.00      0.00  684980  59124   0.36      0.00      0.00      0.00      0.00      0.00  postgres: mark dbt3 127.0.0.1(38298) idle                                                                                      
 1444148621     10565   49.42    6.53    0.00   55.95     3    196.87      0.00  773136 623080   3.81  31458.20      1.00      0.20   1953.28     16.92  postgres: mark dbt3 10.0.3.115(50582) REMOTE SUBPLAN                                                                           
 1444148621     10776    0.00    0.00    0.00    0.00     0      8.90      0.00   91772   5952   0.04     -1.00     -1.00     -1.00      0.68      0.12  sshd: mark [priv] 
 1444148621     10778    0.00    0.00    0.00    0.00     0      1.98      0.00   91772   3448   0.02     -1.00     -1.00     -1.00      0.10      0.10  sshd: mark@notty  
 1444148621     10779    0.00    0.00    0.00    0.00     2      6.00      0.00  108232   2928   0.02      0.07      0.00      0.00      0.27      0.03  -bash 
 1444148621     10791    0.00    0.00    0.00    0.00     2      6.95      0.00   52708   5012   0.03      0.00      0.67      0.00      0.02      0.08  perf record -a -g -s -F 100 -o /tmp/pgxl-perf-example/power/perf/1/perf-pgxl1-q1.data 

#      Time       PID    %usr %system  %guest    %CPU   CPU  minflt/s  majflt/s     VSZ    RSS   %MEM   kB_rd/s   kB_wr/s kB_ccwr/s   cswch/s nvcswch/s  Command
 1444148681         1    0.00    0.00    0.00    0.00     0      0.00      0.00   19292    408   0.00     -1.00     -1.00     -1.00      0.13      0.00  /sbin/init 
 1444148681        78    0.00    0.00    0.00    0.00     1      0.00      0.00    4124    248   0.00     -1.00     -1.00     -1.00      0.00      0.00  /sbin/mingetty --nohangup console 
 1444148681       241    0.00    0.00    0.00    0.00     0      0.02      0.05  245104    412   0.00     -1.00     -1.00     -1.00      0.00      0.00  /sbin/rsyslogd -i /var/run/syslogd.pid -c 5 
 1444148681       271    0.00    0.02    0.00    0.02     1      1.47      0.00   66276    616   0.00     -1.00     -1.00     -1.00      0.37      0.00  /usr/sbin/sshd 
 1444148681       290    0.00    0.00    0.00    0.00     0      0.00      0.00   82640    556   0.00     -1.00     -1.00     -1.00      0.20      0.07  sendmail: accepting connections
 1444148681       309    0.00    0.00    0.00    0.00     1      0.05      0.00   20036    540   0.00     -1.00     -1.00     -1.00      0.02      0.02  crond 
 1444148681       321    0.00    0.00    0.00    0.00     3      0.00      0.00    4124    248   0.00     -1.00     -1.00     -1.00      0.00      0.00  /sbin/mingetty --nohangup /dev/tty1 
 1444148681       323    0.00    0.00    0.00    0.00     0      0.00      0.00    4124    244   0.00     -1.00     -1.00     -1.00      0.00      0.00  /sbin/mingetty --nohangup /dev/tty2 
 1444148681       325    0.00    0.00    0.00    0.00     2      0.00      0.00    4124    244   0.00     -1.00     -1.00     -1.00      0.00      0.00  /sbin/mingetty --nohangup /dev/tty3 
 1444148681       327    0.00    0.00    0.00    0.00     3      0.00      0.00    4124    240   0.00     -1.00     -1.00     -1.00      0.00      0.00  /sbin/mingetty --nohangup /dev/tty4 
 1444148681       607    0.00    0.00    0.00    0.00     2      0.00      0.00   93844    284   0.00     -1.00     -1.00     -1.00      0.00      0.00  sshd: mark [priv] 
 1444148681       609    0.00    0.00    0.00    0.00     2      0.00      0.00   93844    620   0.00     -1.00     -1.00     -1.00      0.00      0.00  sshd: mark@pts/4  
 1444148681      8341    0.12    0.20    0.00    0.32     1      0.02      0.07  160332   1984   0.01      0.27      0.07      0.00      0.18      0.00  gtm_proxy -D /tmp/dbt3/pgdata/gtm_proxy.1 -s pgxl -t 6666 -l /tmp/pgxl-perf-example/power/gtm_proxy_1.log 
 1444148681      8381    0.00    0.02    0.00    0.02     2      1.48      0.00  683656  17596   0.11  87220.27   1503.20   1499.93      0.27      0.02  /opt/pgxl/bin/postgres --datanode -D /tmp/dbt3/pgdata/datanode.1.1 -p 15433 -c pooler_port=25433 -c listen_addresses=* -c share
 1444148681      8387    0.00    0.00    0.00    0.00     2      0.03      0.03  683928   4544   0.03      0.40      0.00      0.00      0.12      0.00  postgres: pooler process                                                                                                       
 1444148681      8388    0.00    0.00    0.00    0.00     0      0.00      0.00  683824  91508   0.56      0.00      0.00      0.00      0.00      0.00  postgres: checkpointer process                                                                                                 
 1444148681      8389    0.07    0.02    0.00    0.08     0      0.05      0.02  683656 103540   0.63      0.07      0.27      0.00      4.02      0.05  postgres: writer process                                                                                                       
 1444148681      8390    0.00    0.00    0.00    0.00     2      0.00      0.00  683656   1788   0.01      0.00      0.13      0.00      1.07      0.02  postgres: wal writer process                                                                                                   
 1444148681      8391    0.00    0.00    0.00    0.00     1      0.32      0.02  684256   7764   0.05      0.13      0.00      0.00      0.22      0.00  postgres: autovacuum launcher process                                                                                          
 1444148681      8392    0.02    0.00    0.00    0.02     1      0.18      0.12  118944   2992   0.02      0.47      1.07      0.00      4.88      0.00  postgres: stats collector process                                                                                              
 1444148681      8790    0.00    0.00    0.00    0.00     3      0.00      0.00   91772   5056   0.03     -1.00     -1.00     -1.00      0.00      0.00  sshd: mark [priv] 
 1444148681      8792    0.00    0.00    0.00    0.00     2      0.00      0.00   91772   5060   0.03     -1.00     -1.00     -1.00      0.00      0.00  sshd: mark [priv] 
 1444148681      8798    0.00    0.00    0.00    0.00     3      0.00      0.00   91772   2708   0.02     -1.00     -1.00     -1.00      0.00      0.00  sshd: mark@notty  
 1444148681      8799    0.00    0.00    0.00    0.00     0      0.00      0.00   91772   2708   0.02     -1.00     -1.00     -1.00      0.00      0.00  sshd: mark@notty  
 1444148681      8805    0.00    0.00    0.00    0.00     0      0.00      0.00  108232   2348   0.01      0.00      0.00      0.00      0.00      0.00  -bash 
 1444148681      8806    0.00    0.00    0.00    0.00     3      0.00      0.00  108232   2328   0.01      0.00      0.00      0.00      0.00      0.00  -bash 
 1444148681      8833    0.00    0.00    0.00    0.00     1      2.70      0.33  101024   1624   0.01      3.47      0.20      0.00      0.82      0.00  pidstat -h -l -d -r -u -w 60 
 1444148681      8834    0.00    0.00    0.00    0.00     1      0.02      0.05  101036   1456   0.01      0.33      0.07      0.00      0.08      0.00  sar -o /tmp/pgxl-perf-example/power/pgxl1/sar_raw.out 60 
 1444148681      8836    0.00    0.00    0.00    0.00     1      1.08      0.33  101032   1624   0.01      2.47      0.80      0.00      1.30      0.23  sadc 60 -z -S ALL /tmp/pgxl-perf-example/power/pgxl1/sar_raw.out 
 1444148681     10299    0.00    0.00    0.00    0.00     3      0.00      0.00  685100  56236   0.34      0.00      0.00      0.00      0.00      0.00  postgres: mark dbt3 10.0.3.117(34368) REMOTE SUBPLAN                                                                           
 1444148681     10354    0.00    0.00    0.00    0.00     0      0.00      0.00  685088 528760   3.24      0.00      0.00      0.00      0.00      0.00  postgres: mark dbt3 127.0.0.1(38101) idle                                                                                      
 1444148681     10355    0.25    0.28    0.00    0.53     3      0.08      0.28  691724 546308   3.34    483.87      0.00      0.00     94.13      5.77  postgres: mark dbt3 10.0.3.117(34402) idle                                                                                     
 1444148681     10459    0.00    0.00    0.00    0.00     0      0.00      0.00  684980 520436   3.19      0.00      0.00      0.00      0.00      0.00  postgres: mark dbt3 10.0.3.117(34588) idle                                                                                     
 1444148681     10460    0.32    0.20    0.00    0.52     1      0.22      0.12  685052 543996   3.33    500.13      0.00      0.00     96.98      2.57  postgres: mark dbt3 127.0.0.1(38290) idle                                                                                      
 1444148681     10461    0.00    0.00    0.00    0.00     1      0.00      0.00  684980  68416   0.42      0.00      0.00      0.00      0.00      0.00  postgres: mark dbt3 10.0.3.117(34596) idle                                                                                     
 1444148681     10462    0.00    0.00    0.00    0.00     3      0.00      0.00  684980  58748   0.36      0.00      0.00      0.00      0.00      0.00  postgres: mark dbt3 127.0.0.1(38298) idle                                                                                      
 1444148681     10828   22.65    4.40    0.00   27.05     2   2778.37      0.08  793532 650276   3.98  10104.87      1.27      0.20    446.85     10.50  postgres: mark dbt3 10.0.3.115(50860) REMOTE SUBPLAN                                                                           
 1444148681     10891    0.00    0.00    0.00    0.00     0      8.87      0.00   91772   5928   0.04     -1.00     -1.00     -1.00      0.67      0.07  sshd: mark [priv] 
 1444148681     10893    0.00    0.00    0.00    0.00     0      1.97      0.00   91772   3464   0.02     -1.00     -1.00     -1.00      0.08      0.08  sshd: mark@notty  
 1444148681     10894    0.00    0.00    0.00    0.00     1      5.98      0.00  108232   2928   0.02      0.13      0.00      0.00      0.28      0.08  -bash 
 1444148681     10906    0.00    0.00    0.00    0.00     0      6.95      0.03   52708   4932   0.03      0.53      0.67      0.00      0.05      0.08  perf record -a -g -s -F 100 -o /tmp/pgxl-perf-example/power/perf/7/perf-pgxl1-q7.data 
