Linux 3.16.0-38-generic (pgxl2) 	10/06/2015 	_x86_64_	(4 CPU)

#      Time       PID    %usr %system  %guest    %CPU   CPU  minflt/s  majflt/s     VSZ    RSS   %MEM   kB_rd/s   kB_wr/s kB_ccwr/s   cswch/s nvcswch/s  Command
 1444148321         1    0.00    0.00    0.00    0.00     1      0.00      0.00   19292    568   0.00     -1.00     -1.00     -1.00      0.00      0.00  /sbin/init 
 1444148321        78    0.00    0.00    0.00    0.00     3      0.00      0.00    4124    244   0.00     -1.00     -1.00     -1.00      0.00      0.00  /sbin/mingetty --nohangup console 
 1444148321       241    0.00    0.00    0.00    0.00     1      0.00      0.00  245104    236   0.00     -1.00     -1.00     -1.00      0.00      0.00  /sbin/rsyslogd -i /var/run/syslogd.pid -c 5 
 1444148321       271    0.00    0.00    0.00    0.00     3      0.00      0.00   66276    776   0.00     -1.00     -1.00     -1.00      0.00      0.00  /usr/sbin/sshd 
 1444148321       290    0.00    0.00    0.00    0.00     3      0.00      0.00   82636    480   0.00     -1.00     -1.00     -1.00      0.00      0.00  sendmail: accepting connections
 1444148321       299    0.00    0.00    0.00    0.00     0      0.00      0.00   78240    340   0.00     -1.00     -1.00     -1.00      0.00      0.00  sendmail: Queue runner@01:00:00 for /var/spool/clientmqueue
 1444148321       309    0.00    0.00    0.00    0.00     0      0.00      0.00   20040    552   0.00     -1.00     -1.00     -1.00      0.00      0.00  crond 
 1444148321       321    0.00    0.00    0.00    0.00     0      0.00      0.00    4124    244   0.00     -1.00     -1.00     -1.00      0.00      0.00  /sbin/mingetty --nohangup /dev/tty1 
 1444148321       323    0.00    0.00    0.00    0.00     0      0.00      0.00    4124    240   0.00     -1.00     -1.00     -1.00      0.00      0.00  /sbin/mingetty --nohangup /dev/tty2 
 1444148321       325    0.00    0.00    0.00    0.00     3      0.00      0.00    4124    244   0.00     -1.00     -1.00     -1.00      0.00      0.00  /sbin/mingetty --nohangup /dev/tty3 
 1444148321       327    0.00    0.00    0.00    0.00     2      0.00      0.00    4124    244   0.00     -1.00     -1.00     -1.00      0.00      0.00  /sbin/mingetty --nohangup /dev/tty4 
 1444148321       572    0.00    0.00    0.00    0.00     1      0.00      0.00   93844    288   0.00     -1.00     -1.00     -1.00      0.00      0.00  sshd: mark [priv] 
 1444148321       574    0.00    0.00    0.00    0.00     0      0.00      0.00   93844    116   0.00     -1.00     -1.00     -1.00      0.00      0.00  sshd: mark@pts/4  
 1444148321       575    0.00    0.00    0.00    0.00     1      0.00      0.00  108368    628   0.00      0.00      0.00      0.00      0.00      0.00  -bash 
 1444148321      7733    0.00    0.00    0.00    0.00     0      0.00      0.00  160284   4520   0.03      0.00      0.00      0.00      0.00      0.00  gtm_proxy -D /tmp/dbt3/pgdata/gtm_proxy.2 -s pgxl -t 6666 -l /tmp/pgxl-perf-example/power/gtm_proxy_2.log 
 1444148321      7865    0.00    0.00    0.00    0.00     3      0.00      0.00  683656  39108   0.24      0.00      0.00      0.00      0.00      0.00  /opt/pgxl/bin/postgres --datanode -D /tmp/dbt3/pgdata/datanode.2.1 -p 15433 -c pooler_port=25433 -c listen_addresses=* -c share
 1444148321      7875    0.00    0.00    0.00    0.00     2      0.00      0.00  683788   4744   0.03      0.00      0.00      0.00      0.00      0.00  postgres: pooler process                                                                                                       
 1444148321      7880    0.00    0.00    0.00    0.00     0      0.00      0.00  683808  88788   0.54      0.00      0.00      0.00      0.00      0.00  postgres: checkpointer process                                                                                                 
 1444148321      7881    0.00    0.00    0.00    0.00     2      0.00      0.00  683656  91636   0.56      0.00      0.00      0.00      0.00      0.00  postgres: writer process                                                                                                       
 1444148321      7882    0.00    0.00    0.00    0.00     1      0.00      0.00  683656  19804   0.12      0.00      0.00      0.00      0.00      0.00  postgres: wal writer process                                                                                                   
 1444148321      7883    0.00    0.00    0.00    0.00     1      0.00      0.00  684256   6484   0.04      0.00      0.00      0.00      0.00      0.00  postgres: autovacuum launcher process                                                                                          
 1444148321      7884    0.00    0.00    0.00    0.00     2      0.00      0.00  118944   3260   0.02      0.00      0.00      0.00      0.00      0.00  postgres: stats collector process                                                                                              
 1444148321      8143    0.00    0.00    0.00    0.00     2      0.00      0.00  746164 622380   3.81      0.00      0.00      0.00      0.00      0.00  postgres: mark dbt3 10.0.3.115(43767) REMOTE SUBPLAN                                                                           
 1444148321      8172    0.00    0.00    0.00    0.00     1      0.00      0.00  101036   1796   0.01      0.00      0.00      0.00      0.00      0.00  sar -o /tmp/pgxl-perf-example/power/pgxl2/sar_raw.out 60 
 1444148321      8180    0.00    0.00    0.00    0.00     0      0.00      0.00  101032   1936   0.01      0.00      0.00      0.00      0.00      0.00  sadc 60 -z -S ALL /tmp/pgxl-perf-example/power/pgxl2/sar_raw.out 
 1444148321      8185    0.00    0.00    0.00    0.00     1      0.00      0.00  101024   1788   0.01      0.00      0.00      0.00      0.00      0.00  pidstat -h -l -d -r -u -w 60 
 1444148321      9754    0.00    0.00    0.00    0.00     3      0.00      0.00  685172 186688   1.14      0.00      0.00      0.00      0.00      0.00  postgres: mark dbt3 127.0.0.1(38071) REMOTE SUBPLAN                                                                            
 1444148321      9755    0.00    0.00    0.00    0.00     3      0.00      0.00  701764 561452   3.44      0.00      0.00      0.00      0.00      0.00  postgres: mark dbt3 10.0.3.116(59728) REMOTE SUBPLAN                                                                           
 1444148321      9807    0.00    0.00    0.00    0.00     3      0.00      0.00   91772   6152   0.04     -1.00     -1.00     -1.00      0.00      0.00  sshd: mark [priv] 
 1444148321      9809    0.00    0.00    0.00    0.00     2      0.00      0.00  698768 558452   3.42      0.00      0.00      0.00      0.00      0.00  postgres: mark dbt3 10.0.3.116(59761) REMOTE SUBPLAN                                                                           
 1444148321      9810    0.00    0.00    0.00    0.00     3      0.00      0.00  684896  13472   0.08      0.00      0.00      0.00      0.00      0.00  postgres: mark dbt3 127.0.0.1(38107) REMOTE SUBPLAN                                                                            
 1444148321      9811    0.00    0.00    0.00    0.00     3      0.00      0.00   91772   3580   0.02     -1.00     -1.00     -1.00      0.00      0.00  sshd: mark@notty  
 1444148321      9812    0.00    0.00    0.00    0.00     3      0.00      0.00  108232   2896   0.02      0.00      0.00      0.00      0.00      0.00  -bash 
 1444148321      9824    0.00    0.00    0.00    0.00     3      0.00      0.00   52708   5208   0.03      0.00      0.00      0.00      0.00      0.00  perf record -a -g -s -F 100 -o /tmp/pgxl-perf-example/power/perf/9/perf-pgxl2-q9.data 

#      Time       PID    %usr %system  %guest    %CPU   CPU  minflt/s  majflt/s     VSZ    RSS   %MEM   kB_rd/s   kB_wr/s kB_ccwr/s   cswch/s nvcswch/s  Command
 1444148381         1    0.00    0.00    0.00    0.00     0      0.00      0.00   19292    568   0.00     -1.00     -1.00     -1.00      0.07      0.00  /sbin/init 
 1444148381       241    0.00    0.00    0.00    0.00     1      0.02      0.03  245104    236   0.00     -1.00     -1.00     -1.00      0.00      0.00  /sbin/rsyslogd -i /var/run/syslogd.pid -c 5 
 1444148381       271    0.00    0.00    0.00    0.00     3      0.80      0.00   66276    776   0.00     -1.00     -1.00     -1.00      0.18      0.02  /usr/sbin/sshd 
 1444148381       290    0.00    0.00    0.00    0.00     1      0.00      0.00   82636    480   0.00     -1.00     -1.00     -1.00      0.20      0.13  sendmail: accepting connections
 1444148381       309    0.00    0.00    0.00    0.00     1      0.05      0.00   20040    552   0.00     -1.00     -1.00     -1.00      0.02      0.00  crond 
 1444148381       323    0.00    0.00    0.00    0.00     0      0.02      0.00    4124    244   0.00     -1.00     -1.00     -1.00      0.00      0.00  /sbin/mingetty --nohangup /dev/tty2 
 1444148381       572    0.00    0.00    0.00    0.00     1      0.02      0.00   93844    292   0.00     -1.00     -1.00     -1.00      0.00      0.00  sshd: mark [priv] 
 1444148381      7733    0.08    0.15    0.00    0.23     0      0.00      0.00  160284   4520   0.03      0.00      0.13      0.00      0.15      0.00  gtm_proxy -D /tmp/dbt3/pgdata/gtm_proxy.2 -s pgxl -t 6666 -l /tmp/pgxl-perf-example/power/gtm_proxy_2.log 
 1444148381      7865    0.00    0.00    0.00    0.00     2      1.48      0.00  683656  39096   0.24  12563.27   6302.33      0.07      0.25      0.00  /opt/pgxl/bin/postgres --datanode -D /tmp/dbt3/pgdata/datanode.2.1 -p 15433 -c pooler_port=25433 -c listen_addresses=* -c share
 1444148381      7875    0.00    0.00    0.00    0.00     3      0.00      0.00  683788   4744   0.03      0.00      0.00      0.00      0.12      0.00  postgres: pooler process                                                                                                       
 1444148381      7881    0.05    0.02    0.00    0.07     0      3.03      0.00  683656 104292   0.64      0.00     20.53      0.00      4.98      0.20  postgres: writer process                                                                                                       
 1444148381      7882    0.00    0.00    0.00    0.00     0      0.00      0.00  683656  19804   0.12      0.00      0.13      0.00      0.77      0.02  postgres: wal writer process                                                                                                   
 1444148381      7883    0.00    0.00    0.00    0.00     0      0.43      0.00  684256   6804   0.04      0.00      0.00      0.00      0.20      0.02  postgres: autovacuum launcher process                                                                                          
 1444148381      7884    0.00    0.00    0.00    0.00     0      0.17      0.00  118944   3260   0.02      0.00      1.07      0.00      5.83      0.05  postgres: stats collector process                                                                                              
 1444148381      8143    1.88    0.20    0.00    2.08     3      0.02      0.00  746164 622380   3.81   2570.00      0.07      0.00     35.25     19.98  postgres: mark dbt3 10.0.3.115(43767) REMOTE SUBPLAN                                                                           
 1444148381      8172    0.00    0.00    0.00    0.00     1      0.00      0.00  101036   1796   0.01      0.00      0.07      0.00      0.02      0.00  sar -o /tmp/pgxl-perf-example/power/pgxl2/sar_raw.out 60 
 1444148381      8180    0.00    0.00    0.00    0.00     0      0.50      0.00  101032   1936   0.01      0.47      0.40      0.00      0.52      0.10  sadc 60 -z -S ALL /tmp/pgxl-perf-example/power/pgxl2/sar_raw.out 
 1444148381      8185    0.00    0.02    0.00    0.02     1      2.40      0.00  101024   1788   0.01      0.13      0.13      0.00      0.15      0.05  pidstat -h -l -d -r -u -w 60 
 1444148381      9754    0.35    0.73    0.00    1.08     0      0.02      0.00  685172 188144   1.15      0.00      0.00      0.00   1725.50      2.78  postgres: mark dbt3 127.0.0.1(38071) REMOTE SUBPLAN                                                                            
 1444148381      9809   47.58    6.73    0.00   54.32     3    187.72      0.00  685132 545116   3.34  15874.40      0.80      0.00   1420.42   2339.27  postgres: mark dbt3 10.0.3.116(59761) idle                                                                                     
 1444148381      9810   26.93    6.83    0.00   33.77     3   1855.67      0.00  685100 531292   3.25   7876.27      0.13      0.00  17832.88    120.48  postgres: mark dbt3 127.0.0.1(38107) idle                                                                                      
 1444148381      9862    2.17    0.25    0.00    2.42     2    622.40      0.00  726044 169732   1.04    988.27      0.60      0.07      3.98      3.25  postgres: mark dbt3 10.0.3.115(43948) REMOTE SUBPLAN                                                                           
 1444148381      9873    0.00    0.00    0.00    0.00     1      8.95      0.00   91772   6200   0.04     -1.00     -1.00     -1.00      0.47      0.15  sshd: mark [priv] 
 1444148381      9875    0.00    0.00    0.00    0.00     1      1.92      0.00   91772   3324   0.02     -1.00     -1.00     -1.00      0.08      0.03  sshd: mark@notty  
 1444148381      9876    0.00    0.00    0.00    0.00     2      6.07      0.00  108232   2972   0.02      0.07      0.00      0.00      0.28      0.13  -bash 
 1444148381      9888    0.00    0.00    0.00    0.00     2      6.78      0.05   52708   5024   0.03      0.53      0.60      0.00      0.07      0.02  perf record -a -g -s -F 100 -o /tmp/pgxl-perf-example/power/perf/6/perf-pgxl2-q6.data 

#      Time       PID    %usr %system  %guest    %CPU   CPU  minflt/s  majflt/s     VSZ    RSS   %MEM   kB_rd/s   kB_wr/s kB_ccwr/s   cswch/s nvcswch/s  Command
 1444148441         1    0.00    0.00    0.00    0.00     2      0.00      0.00   19292    568   0.00     -1.00     -1.00     -1.00      0.07      0.00  /sbin/init 
 1444148441       241    0.02    0.00    0.00    0.02     1      0.00      0.02  245104    236   0.00     -1.00     -1.00     -1.00      0.00      0.00  /sbin/rsyslogd -i /var/run/syslogd.pid -c 5 
 1444148441       271    0.00    0.00    0.00    0.00     3      0.80      0.00   66276    776   0.00     -1.00     -1.00     -1.00      0.20      0.02  /usr/sbin/sshd 
 1444148441       290    0.00    0.00    0.00    0.00     3      0.00      0.00   82636    480   0.00     -1.00     -1.00     -1.00      0.20      0.05  sendmail: accepting connections
 1444148441       309    0.00    0.00    0.00    0.00     2      0.17      0.02   20040    552   0.00     -1.00     -1.00     -1.00      0.05      0.00  crond 
 1444148441       574    0.00    0.00    0.00    0.00     0      0.00      0.00   93844     68   0.00     -1.00     -1.00     -1.00      0.00      0.00  sshd: mark@pts/4  
 1444148441      7733    0.08    0.22    0.00    0.30     2      0.32      0.03  160348   2160   0.01      0.13      0.07      0.00      0.20      0.00  gtm_proxy -D /tmp/dbt3/pgdata/gtm_proxy.2 -s pgxl -t 6666 -l /tmp/pgxl-perf-example/power/gtm_proxy_2.log 
 1444148441      7865    0.00    0.02    0.00    0.02     3      2.02      0.00  683656  38980   0.24  30746.80      1.53      0.07      0.32      0.00  /opt/pgxl/bin/postgres --datanode -D /tmp/dbt3/pgdata/datanode.2.1 -p 15433 -c pooler_port=25433 -c listen_addresses=* -c share
 1444148441      7875    0.00    0.00    0.00    0.00     1      0.38      0.00  683928   4736   0.03      0.00      0.00      0.00      0.18      0.00  postgres: pooler process                                                                                                       
 1444148441      7880    0.00    0.00    0.00    0.00     0      0.00      0.00  683808  88628   0.54      0.00      0.00      0.00      0.00      0.00  postgres: checkpointer process                                                                                                 
 1444148441      7881    0.03    0.02    0.00    0.05     1      0.65      0.02  683656 108404   0.66      0.07      5.07      0.00      4.83      0.25  postgres: writer process                                                                                                       
 1444148441      7882    0.02    0.00    0.00    0.02     0      0.00      0.00  683656  19624   0.12      0.00      0.13      0.00      1.65      0.00  postgres: wal writer process                                                                                                   
 1444148441      7883    0.00    0.00    0.00    0.00     3      0.20      0.02  684256   6564   0.04      0.07      0.00      0.00      0.22      0.00  postgres: autovacuum launcher process                                                                                          
 1444148441      7884    0.00    0.00    0.00    0.00     1      0.18      0.12  118944   3172   0.02      0.47      1.07      0.00      3.72      0.00  postgres: stats collector process                                                                                              
 1444148441      8139    0.00    0.00    0.00    0.00     3      0.00      0.00   91772   6020   0.04     -1.00     -1.00     -1.00      0.00      0.00  sshd: mark [priv] 
 1444148441      8140    0.00    0.00    0.00    0.00     0      0.00      0.00   91772   5400   0.03     -1.00     -1.00     -1.00      0.00      0.00  sshd: mark [priv] 
 1444148441      8143    0.00    0.00    0.00    0.00     3      0.00      0.00  746164 621152   3.80      0.00      0.00      0.00      0.00      0.00  postgres: mark dbt3 10.0.3.115(43767) REMOTE SUBPLAN                                                                           
 1444148441      8147    0.00    0.00    0.00    0.00     0      0.00      0.00   91772   2848   0.02     -1.00     -1.00     -1.00      0.00      0.00  sshd: mark@notty  
 1444148441      8148    0.00    0.00    0.00    0.00     3      0.00      0.00   91772   3368   0.02     -1.00     -1.00     -1.00      0.00      0.00  sshd: mark@notty  
 1444148441      8172    0.00    0.00    0.00    0.00     1      0.00      0.00  101036   1796   0.01      0.00      0.07      0.00      0.02      0.00  sar -o /tmp/pgxl-perf-example/power/pgxl2/sar_raw.out 60 
 1444148441      8180    0.00    0.00    0.00    0.00     1      0.50      0.00  101032   1936   0.01      0.47      0.33      0.00      0.47      0.23  sadc 60 -z -S ALL /tmp/pgxl-perf-example/power/pgxl2/sar_raw.out 
 1444148441      8185    0.00    0.00    0.00    0.00     1      2.38      0.00  101024   1788   0.01      0.07      0.20      0.00      0.13      0.05  pidstat -h -l -d -r -u -w 60 
 1444148441      9754    0.00    0.00    0.00    0.00     0      0.00      0.00  685172 188100   1.15      0.00      0.00      0.00      0.00      0.00  postgres: mark dbt3 127.0.0.1(38071) REMOTE SUBPLAN                                                                            
 1444148441      9809    0.48    0.20    0.00    0.68     2      0.10      0.00  685132 545072   3.34     13.53      0.00      0.00     70.68      2.87  postgres: mark dbt3 10.0.3.116(59761) idle                                                                                     
 1444148441      9810    0.53    0.17    0.00    0.70     3      1.78      0.00  685100 531712   3.25     10.27      0.00      0.00     69.80      4.18  postgres: mark dbt3 127.0.0.1(38107) idle                                                                                      
 1444148441      9902   32.92    4.45    0.00   37.37     3   4270.85      0.00 1689848 1544996   9.46  10329.13      9.20      0.13    453.47     36.48  postgres: mark dbt3 10.0.3.115(44027) REMOTE SUBPLAN                                                                           
 1444148441      9915    0.73    0.10    0.00    0.83     1     65.32      0.00  684980  63312   0.39     81.80      0.00      0.00     43.12      2.90  postgres: mark dbt3 127.0.0.1(38292) idle                                                                                      
 1444148441      9916    0.75    0.12    0.00    0.87     3     79.62      0.00  684980  70024   0.43     51.73      0.00      0.00     41.67      2.48  postgres: mark dbt3 10.0.3.116(59950) idle                                                                                     
 1444148441      9917    0.77    0.10    0.00    0.87     0    102.87      0.00  684948  64356   0.39     64.53      0.00      0.00     41.95      2.50  postgres: mark dbt3 10.0.3.116(59956) idle                                                                                     
 1444148441      9918    0.72    0.10    0.00    0.82     3     99.93      0.00  684948  64184   0.39     61.40      0.00      0.00     41.30      2.75  postgres: mark dbt3 127.0.0.1(38301) idle                                                                                      
 1444148441      9943    0.02    0.00    0.00    0.02     1      8.90      0.00   91772   6248   0.04     -1.00     -1.00     -1.00      0.42      0.02  sshd: mark [priv] 
 1444148441      9945    0.00    0.00    0.00    0.00     1      1.98      0.00   91772   3564   0.02     -1.00     -1.00     -1.00      0.07      0.02  sshd: mark@notty  
 1444148441      9946    0.00    0.00    0.00    0.00     3      6.12      0.00  108232   2948   0.02      0.07      0.00      0.00      0.32      0.17  -bash 
 1444148441      9958    0.00    0.02    0.00    0.02     1      6.95      0.00   52708   5096   0.03      0.00      0.73      0.00      0.02      0.02  perf record -a -g -s -F 100 -o /tmp/pgxl-perf-example/power/perf/18/perf-pgxl2-q18.data 

#      Time       PID    %usr %system  %guest    %CPU   CPU  minflt/s  majflt/s     VSZ    RSS   %MEM   kB_rd/s   kB_wr/s kB_ccwr/s   cswch/s nvcswch/s  Command
 1444148501         1    0.00    0.00    0.00    0.00     0      0.00      0.00   19292    448   0.00     -1.00     -1.00     -1.00      0.08      0.00  /sbin/init 
 1444148501       241    0.00    0.00    0.00    0.00     1      0.02      0.05  245104    504   0.00     -1.00     -1.00     -1.00      0.00      0.00  /sbin/rsyslogd -i /var/run/syslogd.pid -c 5 
 1444148501       271    0.02    0.00    0.00    0.02     1      1.20      0.00   66276    776   0.00     -1.00     -1.00     -1.00      0.28      0.03  /usr/sbin/sshd 
 1444148501       290    0.02    0.00    0.00    0.02     2      0.00      0.00   82636    480   0.00     -1.00     -1.00     -1.00      0.20      0.07  sendmail: accepting connections
 1444148501       309    0.00    0.00    0.00    0.00     2      0.12      0.00   20040    568   0.00     -1.00     -1.00     -1.00      0.02      0.00  crond 
 1444148501       574    0.00    0.00    0.00    0.00     0      0.18      0.53   93844   1184   0.01     -1.00     -1.00     -1.00      0.55      0.02  sshd: mark@pts/4  
 1444148501       575    0.00    0.00    0.00    0.00     1      0.00      0.00  108368    620   0.00      0.00      0.00      0.00      0.00      0.00  -bash 
 1444148501      7733    0.05    0.27    0.00    0.32     3      0.02      0.02  160348   1956   0.01      0.07      0.07      0.00      0.15      0.00  gtm_proxy -D /tmp/dbt3/pgdata/gtm_proxy.2 -s pgxl -t 6666 -l /tmp/pgxl-perf-example/power/gtm_proxy_2.log 
 1444148501      7865    0.00    0.00    0.00    0.00     1      1.50      0.00  683656  33444   0.20  68417.20  12428.60   3227.33      0.28      0.00  /opt/pgxl/bin/postgres --datanode -D /tmp/dbt3/pgdata/datanode.2.1 -p 15433 -c pooler_port=25433 -c listen_addresses=* -c share
 1444148501      7875    0.00    0.00    0.00    0.00     0      0.00      0.00  683928   4624   0.03      0.00      0.00      0.00      0.18      0.00  postgres: pooler process                                                                                                       
 1444148501      7880    0.00    0.00    0.00    0.00     0      0.00      0.00  683808  88332   0.54      0.00      0.00      0.00      0.00      0.00  postgres: checkpointer process                                                                                                 
 1444148501      7881    0.05    0.02    0.00    0.07     1      0.98      0.08  683656 112404   0.69      2.73     32.40      0.00      5.02      0.15  postgres: writer process                                                                                                       
 1444148501      7882    0.00    0.00    0.00    0.00     2      0.00      0.00  683656  14504   0.09      0.00      0.13      0.00      1.05      0.00  postgres: wal writer process                                                                                                   
 1444148501      7883    0.00    0.00    0.00    0.00     2      0.30      0.00  684256   7012   0.04      0.00      0.00      0.00      0.20      0.00  postgres: autovacuum launcher process                                                                                          
 1444148501      7884    0.00    0.02    0.00    0.02     3      0.17      0.00  118944   3060   0.02      0.00      1.07      0.00      3.58      0.07  postgres: stats collector process                                                                                              
 1444148501      8139    0.00    0.00    0.00    0.00     3      0.00      0.00   91772   4952   0.03     -1.00     -1.00     -1.00      0.00      0.00  sshd: mark [priv] 
 1444148501      8140    0.00    0.00    0.00    0.00     0      0.00      0.00   91772   5032   0.03     -1.00     -1.00     -1.00      0.00      0.00  sshd: mark [priv] 
 1444148501      8143    0.00    0.00    0.00    0.00     3      0.00      0.00  746164 588024   3.60      0.00      0.00      0.00      0.00      0.00  postgres: mark dbt3 10.0.3.115(43767) REMOTE SUBPLAN                                                                           
 1444148501      8147    0.00    0.00    0.00    0.00     2      0.08      0.53   91772   2764   0.02     -1.00     -1.00     -1.00      0.55      0.00  sshd: mark@notty  
 1444148501      8148    0.00    0.00    0.00    0.00     1      0.13      0.48   91772   2756   0.02     -1.00     -1.00     -1.00      0.50      0.00  sshd: mark@notty  
 1444148501      8155    0.00    0.00    0.00    0.00     3      0.00      0.00  108232   2296   0.01      0.00      0.00      0.00      0.00      0.00  -bash 
 1444148501      8166    0.00    0.00    0.00    0.00     0      0.00      0.00  108232   2272   0.01      0.00      0.00      0.00      0.00      0.00  -bash 
 1444148501      8172    0.00    0.00    0.00    0.00     1      0.03      0.03  101036   1440   0.01      2.33      0.07      0.00      0.08      0.00  sar -o /tmp/pgxl-perf-example/power/pgxl2/sar_raw.out 60 
 1444148501      8180    0.00    0.02    0.00    0.02     3      0.52      0.00  101032   1628   0.01      0.60      0.40      0.00      0.57      0.02  sadc 60 -z -S ALL /tmp/pgxl-perf-example/power/pgxl2/sar_raw.out 
 1444148501      8185    0.00    0.00    0.00    0.00     2      2.67      0.00  101024   1508   0.01      0.07      0.20      0.00      0.17      0.03  pidstat -h -l -d -r -u -w 60 
 1444148501      9754    0.00    0.00    0.00    0.00     0      0.00      0.00  685172 186844   1.14      0.00      0.00      0.00      0.00      0.00  postgres: mark dbt3 127.0.0.1(38071) REMOTE SUBPLAN                                                                            
 1444148501      9809    0.37    0.37    0.00    0.73     3      0.02      0.00  685132 544824   3.33      0.00      0.00      0.00   1235.75      5.83  postgres: mark dbt3 10.0.3.116(59761) idle                                                                                     
 1444148501      9810    7.65    1.82    0.00    9.47     0     86.92      0.02  702264 550236   3.37    771.87      0.00      0.00    340.97    492.42  postgres: mark dbt3 127.0.0.1(38107) REMOTE SUBPLAN                                                                            
 1444148501      9915    1.27    1.30    0.00    2.57     2   1568.03      0.00  684980 523624   3.20   2378.40      0.00      0.00    317.93     12.72  postgres: mark dbt3 127.0.0.1(38292) idle                                                                                      
 1444148501      9916    2.60    2.50    0.00    5.10     0   1554.67      0.00  684980 524240   3.21   2368.13      0.00      0.00   4935.62     52.15  postgres: mark dbt3 10.0.3.116(59950) REMOTE SUBPLAN                                                                           
 1444148501      9917    0.00    0.00    0.00    0.00     1      0.00      0.00  684948  64172   0.39      0.00      0.00      0.00      0.02      0.00  postgres: mark dbt3 10.0.3.116(59956) idle                                                                                     
 1444148501      9918    0.00    0.00    0.00    0.00     3      0.00      0.00  684948  64000   0.39      0.00      0.00      0.00      0.02      0.00  postgres: mark dbt3 127.0.0.1(38301) idle                                                                                      
 1444148501     10021    7.92    0.53    0.00    8.45     3    279.57      0.05  804560 128032   0.78     22.07      0.33      0.07     49.82    241.08  postgres: mark dbt3 10.0.3.115(44141) REMOTE SUBPLAN                                                                           
 1444148501     10032    0.00    0.00    0.00    0.00     3      8.92      0.00   91772   6192   0.04     -1.00     -1.00     -1.00      0.30      0.10  sshd: mark [priv] 
 1444148501     10034    0.00    0.00    0.00    0.00     3      1.98      0.00   91772   3452   0.02     -1.00     -1.00     -1.00      0.12      0.00  sshd: mark@notty  
 1444148501     10035    0.00    0.00    0.00    0.00     2      6.05      0.00  108232   2884   0.02      0.13      0.00      0.00      0.32      0.05  -bash 
 1444148501     10047    0.00    0.02    0.00    0.02     0      6.92      0.10   52708   5080   0.03      5.33      0.73      0.00      0.25      0.13  perf record -a -g -s -F 100 -o /tmp/pgxl-perf-example/power/perf/13/perf-pgxl2-q13.data 

#      Time       PID    %usr %system  %guest    %CPU   CPU  minflt/s  majflt/s     VSZ    RSS   %MEM   kB_rd/s   kB_wr/s kB_ccwr/s   cswch/s nvcswch/s  Command
 1444148561         1    0.00    0.00    0.00    0.00     1      0.00      0.00   19292    448   0.00     -1.00     -1.00     -1.00      0.12      0.00  /sbin/init 
 1444148561       241    0.00    0.00    0.00    0.00     1      0.00      0.03  245104    504   0.00     -1.00     -1.00     -1.00      0.00      0.00  /sbin/rsyslogd -i /var/run/syslogd.pid -c 5 
 1444148561       271    0.00    0.00    0.00    0.00     3      1.60      0.00   66276    776   0.00     -1.00     -1.00     -1.00      0.38      0.00  /usr/sbin/sshd 
 1444148561       290    0.00    0.00    0.00    0.00     0      0.00      0.00   82636    480   0.00     -1.00     -1.00     -1.00      0.20      0.13  sendmail: accepting connections
 1444148561       309    0.00    0.00    0.00    0.00     2      0.05      0.00   20040    552   0.00     -1.00     -1.00     -1.00      0.02      0.00  crond 
 1444148561      7733    0.05    0.27    0.00    0.32     3      0.02      0.00  160348   1956   0.01      0.00      0.13      0.00      0.12      0.00  gtm_proxy -D /tmp/dbt3/pgdata/gtm_proxy.2 -s pgxl -t 6666 -l /tmp/pgxl-perf-example/power/gtm_proxy_2.log 
 1444148561      7865    0.00    0.00    0.00    0.00     1      1.15      0.00  683656  32960   0.20      0.27      0.00      0.00      0.22      0.02  /opt/pgxl/bin/postgres --datanode -D /tmp/dbt3/pgdata/datanode.2.1 -p 15433 -c pooler_port=25433 -c listen_addresses=* -c share
 1444148561      7875    0.00    0.00    0.00    0.00     2      0.00      0.00  683928   4624   0.03      0.00      0.00      0.00      0.13      0.00  postgres: pooler process                                                                                                       
 1444148561      7881    0.02    0.00    0.00    0.02     2      0.02      0.00  683656 112404   0.69      0.00      0.13      0.00      2.35      0.13  postgres: writer process                                                                                                       
 1444148561      7882    0.00    0.00    0.00    0.00     1      0.00      0.00  683656  14020   0.09      0.00      0.27      0.00      1.92      0.00  postgres: wal writer process                                                                                                   
 1444148561      7883    0.00    0.00    0.00    0.00     3      0.10      0.00  684256   7012   0.04      0.00      0.00      0.00      0.20      0.00  postgres: autovacuum launcher process                                                                                          
 1444148561      7884    0.00    0.00    0.00    0.00     0      0.17      0.00  118944   3060   0.02      0.00      1.07      0.00      1.75      0.00  postgres: stats collector process                                                                                              
 1444148561      8143    0.00    0.00    0.00    0.00     3      0.00      0.00  746164 580544   3.55      0.00      0.00      0.00      0.00      0.00  postgres: mark dbt3 10.0.3.115(43767) REMOTE SUBPLAN                                                                           
 1444148561      8172    0.00    0.00    0.00    0.00     0      0.00      0.00  101036   1440   0.01      0.00      0.07      0.00      0.02      0.00  sar -o /tmp/pgxl-perf-example/power/pgxl2/sar_raw.out 60 
 1444148561      8180    0.00    0.00    0.00    0.00     1      0.50      0.00  101032   1628   0.01      0.47      0.33      0.00      0.52      0.05  sadc 60 -z -S ALL /tmp/pgxl-perf-example/power/pgxl2/sar_raw.out 
 1444148561      8185    0.00    0.00    0.00    0.00     3      2.65      0.00  101024   1508   0.01      0.20      0.20      0.00      0.17      0.00  pidstat -h -l -d -r -u -w 60 
 1444148561      9810   16.60    4.13    0.00   20.73     0    333.97      0.00  691484 548892   3.36     50.80    315.40      0.00    760.53   2080.98  postgres: mark dbt3 127.0.0.1(38107) idle                                                                                      
 1444148561      9916    4.25    4.25    0.00    8.50     3     37.10      0.00  685396 541572   3.31     54.60      0.00      0.00  16178.32     34.55  postgres: mark dbt3 10.0.3.116(59950) idle                                                                                     
 1444148561     10021   39.97    5.22    0.00   45.18     3   3641.08      0.02  705352 565776   3.46  22532.33   1504.73      0.40    849.53    522.97  postgres: mark dbt3 10.0.3.115(44141) REMOTE SUBPLAN                                                                           
 1444148561     10146    0.00    0.00    0.00    0.00     0      8.93      0.00   91772   6092   0.04     -1.00     -1.00     -1.00      0.68      0.10  sshd: mark [priv] 
 1444148561     10148    0.00    0.00    0.00    0.00     0      1.98      0.00   91772   3460   0.02     -1.00     -1.00     -1.00      0.08      0.05  sshd: mark@notty  
 1444148561     10149    0.00    0.00    0.00    0.00     3      6.02      0.00  108232   2912   0.02      0.07      0.00      0.00      0.28      0.03  -bash 
 1444148561     10161    0.00    0.02    0.00    0.02     2      6.93      0.07   52708   5036   0.03      1.87      0.73      0.00      0.08      0.02  perf record -a -g -s -F 100 -o /tmp/pgxl-perf-example/power/perf/4/perf-pgxl2-q4.data 

#      Time       PID    %usr %system  %guest    %CPU   CPU  minflt/s  majflt/s     VSZ    RSS   %MEM   kB_rd/s   kB_wr/s kB_ccwr/s   cswch/s nvcswch/s  Command
 1444148621         1    0.00    0.00    0.00    0.00     0      0.00      0.00   19292    448   0.00     -1.00     -1.00     -1.00      0.08      0.00  /sbin/init 
 1444148621       241    0.00    0.00    0.00    0.00     1      0.02      0.02  245104    504   0.00     -1.00     -1.00     -1.00      0.00      0.00  /sbin/rsyslogd -i /var/run/syslogd.pid -c 5 
 1444148621       271    0.00    0.00    0.00    0.00     2      1.20      0.00   66276    776   0.00     -1.00     -1.00     -1.00      0.28      0.02  /usr/sbin/sshd 
 1444148621       290    0.00    0.00    0.00    0.00     3      0.00      0.00   82636    480   0.00     -1.00     -1.00     -1.00      0.20      0.05  sendmail: accepting connections
 1444148621       309    0.00    0.00    0.00    0.00     2      0.05      0.00   20040    552   0.00     -1.00     -1.00     -1.00      0.02      0.00  crond 
 1444148621      7733    0.07    0.25    0.00    0.32     1      0.00      0.00  160348   1956   0.01      0.00      0.07      0.00      0.12      0.00  gtm_proxy -D /tmp/dbt3/pgdata/gtm_proxy.2 -s pgxl -t 6666 -l /tmp/pgxl-perf-example/power/gtm_proxy_2.log 
 1444148621      7865    0.00    0.02    0.00    0.02     3      1.15      0.00  683656  31352   0.19      0.00      0.00      0.00      0.22      0.00  /opt/pgxl/bin/postgres --datanode -D /tmp/dbt3/pgdata/datanode.2.1 -p 15433 -c pooler_port=25433 -c listen_addresses=* -c share
 1444148621      7875    0.00    0.00    0.00    0.00     3      0.00      0.00  683928   4624   0.03      0.00      0.00      0.00      0.07      0.00  postgres: pooler process                                                                                                       
 1444148621      7880    0.02    0.02    0.00    0.03     1      0.53      0.72  683808  91368   0.56      5.87      0.40      0.00      1.20      0.18  postgres: checkpointer process                                                                                                 
 1444148621      7881    0.07    0.02    0.00    0.08     3      0.03      0.02  683656 112352   0.69      0.07      0.00      0.00      2.93      0.27  postgres: writer process                                                                                                       
 1444148621      7882    0.00    0.00    0.00    0.00     0      0.00      0.00  683656  12412   0.08      0.00      0.13      0.00      1.07      0.00  postgres: wal writer process                                                                                                   
 1444148621      7883    0.00    0.00    0.00    0.00     1      0.35      0.00  684256   7492   0.05      0.00      0.00      0.00      0.20      0.02  postgres: autovacuum launcher process                                                                                          
 1444148621      7884    0.00    0.00    0.00    0.00     2      0.17      0.00  118944   3060   0.02      0.00      1.07      0.00      3.17      0.02  postgres: stats collector process                                                                                              
 1444148621      8143    0.00    0.00    0.00    0.00     3      0.00      0.00  746164 557624   3.41      0.00      0.00      0.00      0.00      0.00  postgres: mark dbt3 10.0.3.115(43767) REMOTE SUBPLAN                                                                           
 1444148621      8172    0.00    0.00    0.00    0.00     0      0.00      0.00  101036   1440   0.01      0.00      0.07      0.00      0.02      0.00  sar -o /tmp/pgxl-perf-example/power/pgxl2/sar_raw.out 60 
 1444148621      8180    0.00    0.00    0.00    0.00     1      0.50      0.00  101032   1628   0.01      0.47      0.40      0.00      0.52      0.00  sadc 60 -z -S ALL /tmp/pgxl-perf-example/power/pgxl2/sar_raw.out 
 1444148621      8185    0.00    0.02    0.00    0.02     1      2.65      0.00  101024   1508   0.01      0.07      0.13      0.00      0.15      0.32  pidstat -h -l -d -r -u -w 60 
 1444148621      9810    0.40    0.18    0.00    0.58     0      8.85      0.00  691484 551516   3.38      0.00      0.00      0.00      0.15      0.37  postgres: mark dbt3 127.0.0.1(38107) idle                                                                                      
 1444148621      9916    0.38    0.15    0.00    0.53     0     12.95      0.00  685396 545112   3.34      0.13      0.00      0.00      0.15      0.10  postgres: mark dbt3 10.0.3.116(59950) idle                                                                                     
 1444148621     10021   49.63    6.82    0.00   56.45     2    187.12      0.00  689832 550432   3.37  29798.80      1.60      0.20   1924.00     16.97  postgres: mark dbt3 10.0.3.115(44141) REMOTE SUBPLAN                                                                           
 1444148621     10232    0.00    0.00    0.00    0.00     2      8.87      0.00   91772   6104   0.04     -1.00     -1.00     -1.00      0.23      0.43  sshd: mark [priv] 
 1444148621     10234    0.00    0.00    0.00    0.00     2      1.95      0.00   91772   3452   0.02     -1.00     -1.00     -1.00      0.10      0.00  sshd: mark@notty  
 1444148621     10235    0.00    0.00    0.00    0.00     1      5.98      0.00  108232   2912   0.02      0.07      0.00      0.00      0.35      0.25  -bash 
 1444148621     10247    0.00    0.00    0.00    0.00     1      7.02      0.00   52708   5092   0.03      0.00      0.67      0.00      0.02      0.00  perf record -a -g -s -F 100 -o /tmp/pgxl-perf-example/power/perf/1/perf-pgxl2-q1.data 

#      Time       PID    %usr %system  %guest    %CPU   CPU  minflt/s  majflt/s     VSZ    RSS   %MEM   kB_rd/s   kB_wr/s kB_ccwr/s   cswch/s nvcswch/s  Command
 1444148681         1    0.00    0.00    0.00    0.00     0      0.00      0.00   19292    448   0.00     -1.00     -1.00     -1.00      0.12      0.00  /sbin/init 
 1444148681       241    0.00    0.00    0.00    0.00     1      0.00      0.03  245104    500   0.00     -1.00     -1.00     -1.00      0.00      0.00  /sbin/rsyslogd -i /var/run/syslogd.pid -c 5 
 1444148681       271    0.00    0.00    0.00    0.00     0      1.60      0.00   66276    776   0.00     -1.00     -1.00     -1.00      0.38      0.00  /usr/sbin/sshd 
 1444148681       290    0.00    0.00    0.00    0.00     0      0.00      0.00   82636    480   0.00     -1.00     -1.00     -1.00      0.20      0.07  sendmail: accepting connections
 1444148681       309    0.00    0.00    0.00    0.00     1      0.05      0.00   20040    552   0.00     -1.00     -1.00     -1.00      0.02      0.00  crond 
 1444148681       574    0.00    0.00    0.00    0.00     0      0.00      0.00   93844   1120   0.01     -1.00     -1.00     -1.00      0.00      0.00  sshd: mark@pts/4  
 1444148681      7733    0.07    0.23    0.00    0.30     1      0.00      0.00  160348   1932   0.01      0.00      0.07      0.00      0.15      0.00  gtm_proxy -D /tmp/dbt3/pgdata/gtm_proxy.2 -s pgxl -t 6666 -l /tmp/pgxl-perf-example/power/gtm_proxy_2.log 
 1444148681      7865    0.00    0.00    0.00    0.00     1      1.50      0.00  683656  19992   0.12  82140.33   1507.13      0.73      0.27      0.02  /opt/pgxl/bin/postgres --datanode -D /tmp/dbt3/pgdata/datanode.2.1 -p 15433 -c pooler_port=25433 -c listen_addresses=* -c share
 1444148681      7875    0.00    0.00    0.00    0.00     0      0.00      0.00  683928   4568   0.03      0.00      0.00      0.00      0.08      0.00  postgres: pooler process                                                                                                       
 1444148681      7880    0.00    0.00    0.00    0.00     1      0.00      0.00  683808  91240   0.56      0.00      0.00      0.00      0.00      0.00  postgres: checkpointer process                                                                                                 
 1444148681      7881    0.07    0.02    0.00    0.08     1      0.02      0.00  683656 112352   0.69      0.00      0.27      0.00      4.58      0.22  postgres: writer process                                                                                                       
 1444148681      7882    0.00    0.00    0.00    0.00     2      0.00      0.00  683656   4284   0.03      0.00      0.13      0.00      1.07      0.10  postgres: wal writer process                                                                                                   
 1444148681      7883    0.00    0.00    0.00    0.00     2      0.30      0.00  684256   7772   0.05      0.00      0.00      0.00      0.20      0.00  postgres: autovacuum launcher process                                                                                          
 1444148681      7884    0.00    0.02    0.00    0.02     1      0.17      0.00  118944   3060   0.02      0.00      1.07      0.00      4.53      0.05  postgres: stats collector process                                                                                              
 1444148681      8139    0.00    0.00    0.00    0.00     3      0.00      0.00   91772   4928   0.03     -1.00     -1.00     -1.00      0.00      0.00  sshd: mark [priv] 
 1444148681      8140    0.00    0.00    0.00    0.00     0      0.00      0.00   91772   4888   0.03     -1.00     -1.00     -1.00      0.00      0.00  sshd: mark [priv] 
 1444148681      8143    0.00    0.00    0.00    0.00     3      0.00      0.00  746164 544888   3.33      0.00      0.00      0.00      0.00      0.00  postgres: mark dbt3 10.0.3.115(43767) REMOTE SUBPLAN                                                                           
 1444148681      8147    0.00    0.00    0.00    0.00     2      0.00      0.00   91772   2700   0.02     -1.00     -1.00     -1.00      0.00      0.00  sshd: mark@notty  
 1444148681      8148    0.00    0.00    0.00    0.00     1      0.00      0.00   91772   2752   0.02     -1.00     -1.00     -1.00      0.00      0.00  sshd: mark@notty  
 1444148681      8172    0.00    0.00    0.00    0.00     0      0.00      0.00  101036   1440   0.01      0.00      0.07      0.00      0.03      0.00  sar -o /tmp/pgxl-perf-example/power/pgxl2/sar_raw.out 60 
 1444148681      8180    0.00    0.00    0.00    0.00     1      0.50      0.00  101032   1628   0.01      0.47      0.40      0.00      0.52      0.05  sadc 60 -z -S ALL /tmp/pgxl-perf-example/power/pgxl2/sar_raw.out 
 1444148681      8185    0.00    0.00    0.00    0.00     0      2.65      0.00  101024   1508   0.01      0.07      0.20      0.00      0.13      0.35  pidstat -h -l -d -r -u -w 60 
 1444148681      9754    0.00    0.00    0.00    0.00     0      0.00      0.00  685172 186572   1.14      0.00      0.00      0.00      0.00      0.00  postgres: mark dbt3 127.0.0.1(38071) REMOTE SUBPLAN                                                                            
 1444148681      9809    0.00    0.00    0.00    0.00     3      0.00      0.00  685132 543960   3.33      0.00      0.00      0.00      0.00      0.00  postgres: mark dbt3 10.0.3.116(59761) idle                                                                                     
 1444148681      9810    0.32    0.18    0.00    0.50     1      0.03      0.00  691484 550992   3.37    470.80      0.00      0.00     94.10      0.95  postgres: mark dbt3 127.0.0.1(38107) idle                                                                                      
 1444148681      9915    0.00    0.00    0.00    0.00     2      0.00      0.00  684980 522672   3.20      0.00      0.00      0.00      0.00      0.00  postgres: mark dbt3 127.0.0.1(38292) idle                                                                                      
 1444148681      9916    0.32    0.20    0.00    0.52     0      0.05      0.00  685396 544676   3.33    477.67      0.00      0.00     94.67      0.92  postgres: mark dbt3 10.0.3.116(59950) idle                                                                                     
 1444148681      9917    0.00    0.00    0.00    0.00     1      0.00      0.00  684948  64136   0.39      0.00      0.00      0.00      0.00      0.00  postgres: mark dbt3 10.0.3.116(59956) idle                                                                                     
 1444148681     10284   22.47    4.48    0.00   26.95     3   2804.03      0.00  793504 650036   3.98  12430.20      1.27      0.20    384.65     12.17  postgres: mark dbt3 10.0.3.115(44418) REMOTE SUBPLAN                                                                           
 1444148681     10347    0.00    0.00    0.00    0.00     0      8.95      0.00   91772   6028   0.04     -1.00     -1.00     -1.00      0.62      0.23  sshd: mark [priv] 
 1444148681     10349    0.00    0.00    0.00    0.00     0      2.00      0.00   91772   3460   0.02     -1.00     -1.00     -1.00      0.10      0.02  sshd: mark@notty  
 1444148681     10350    0.00    0.00    0.00    0.00     1      6.12      0.00  108232   2944   0.02      0.00      0.00      0.00      0.30      0.07  -bash 
 1444148681     10362    0.00    0.00    0.00    0.00     0      7.00      0.00   52708   4956   0.03      0.00      0.73      0.00      0.02      0.07  perf record -a -g -s -F 100 -o /tmp/pgxl-perf-example/power/perf/7/perf-pgxl2-q7.data 
